,time,predict-Long,predict-Lat,real-Long,real-Lat,ServingBase-Long,ServingBase-Lat
0,14:31:12,121.445392801,31.1957512969,121.4527877,31.1943638478,0,0
1,14:31:13,121.445392801,31.1957512969,121.4527877,31.1943638478,0,0
2,14:31:13,121.445392801,31.1957512969,121.4527877,31.1943638478,0,0
3,14:31:40,121.445392801,31.1957512969,121.4527877,31.1943638478,0,0
4,14:31:40,121.445392801,31.1957512969,121.4527877,31.1943638478,0,0
5,14:31:41,121.445392801,31.1957512969,121.4527877,31.1943638478,0,0
6,14:31:41,121.445392801,31.1957512969,121.4527877,31.1943638478,0,0
7,14:31:42,121.445392801,31.1957512969,121.4527877,31.1943638478,0,0
8,14:31:43,121.445392801,31.1957512969,121.4527877,31.1943638478,0,0
9,14:31:43,121.445392801,31.1957512969,121.4527877,31.1943638478,0,0
10,14:31:44,121.445392801,31.1957512969,121.4527877,31.1943638478,0,0
11,14:31:44,121.445392801,31.1957512969,121.4527877,31.1943638478,0,0
12,14:31:45,121.445392801,31.1957512969,121.4527877,31.1943638478,0,0
13,14:31:45,121.445392801,31.1957512969,121.4527877,31.1943638478,0,0
14,14:31:46,121.445392801,31.1957512969,121.4527877,31.1943638478,0,0
15,14:31:46,121.445392801,31.1957512969,121.4527877,31.1943638478,0,0
16,14:31:47,121.445392801,31.1957512969,121.4527877,31.1943638478,0,0
17,14:31:47,121.445392801,31.1957512969,121.4527877,31.1943638478,0,0
18,14:31:48,121.445392801,31.1957512969,121.4527877,31.1943638478,0,0
19,14:31:49,121.445392801,31.1957512969,121.4527877,31.1943638478,0,0
20,14:31:50,121.451801047,31.1941603149,121.452245687,31.1945249914,121.450022927,31.1928977703
21,14:31:50,121.451801047,31.1941603149,121.452245687,31.1945249914,121.450022927,31.1928977703
22,14:31:51,121.451801047,31.1941603149,121.452245687,31.1945249914,121.450022927,31.1928977703
23,14:31:51,121.451801047,31.1941603149,121.452245687,31.1945249914,121.450022927,31.1928977703
24,14:31:52,121.451801047,31.1941603149,121.452245687,31.1945249914,121.450022927,31.1928977703
25,14:31:52,121.451801047,31.1941603149,121.452245687,31.1945249914,121.450022927,31.1928977703
26,14:31:53,121.451801047,31.1941603149,121.452245687,31.1945249914,121.450022927,31.1928977703
27,14:31:53,121.451801047,31.1941603149,121.452245687,31.1945249914,121.450022927,31.1928977703
28,14:31:54,121.451801047,31.1941603149,121.452245687,31.1945249914,121.450022927,31.1928977703
29,14:31:54,121.451801047,31.1941603149,121.452245687,31.1945249914,121.450022927,31.1928977703
30,14:31:55,121.451801047,31.1941603149,121.452245687,31.1945249914,121.450022927,31.1928977703
31,14:31:55,121.451801047,31.1941603149,121.452245687,31.1945249914,121.450022927,31.1928977703
32,14:31:56,121.451801047,31.1941603149,121.452245687,31.1945249914,121.450022927,31.1928977703
33,14:31:56,121.451801047,31.1941603149,121.452245687,31.1945249914,121.450022927,31.1928977703
34,14:31:57,121.451801047,31.1941603149,121.452245687,31.1945249914,121.450022927,31.1928977703
35,14:31:57,121.451801047,31.1941603149,121.452245687,31.1945249914,121.450022927,31.1928977703
36,14:31:57,121.451801047,31.1941603149,121.452245687,31.1945249914,121.450022927,31.1928977703
37,14:31:58,121.451801047,31.1941603149,121.452245687,31.1945249914,121.450022927,31.1928977703
38,14:31:58,121.451801047,31.1941603149,121.452245687,31.1945249914,121.450022927,31.1928977703
39,14:31:59,121.451801047,31.1941603149,121.452245687,31.1945249914,121.450022927,31.1928977703
40,14:31:59,121.451801047,31.1941603149,121.452097629,31.1944885924,121.450022927,31.1928977703
41,14:32:00,121.451801047,31.1941603149,121.452097629,31.1944885924,121.450022927,31.1928977703
42,14:32:00,121.451801047,31.1941603149,121.452097629,31.1944885924,121.450022927,31.1928977703
43,14:32:01,121.451801047,31.1941603149,121.452097629,31.1944885924,121.450022927,31.1928977703
44,14:32:01,121.451801047,31.1941603149,121.452097629,31.1944885924,121.450022927,31.1928977703
45,14:32:02,121.451801047,31.1941603149,121.452097629,31.1944885924,121.450022927,31.1928977703
46,14:32:02,121.451801047,31.1941603149,121.452097629,31.1944885924,121.450022927,31.1928977703
47,14:32:03,121.451801047,31.1941603149,121.452097629,31.1944885924,121.450022927,31.1928977703
48,14:32:03,121.451801047,31.1941603149,121.452097629,31.1944885924,121.450022927,31.1928977703
49,14:32:04,121.451801047,31.1941603149,121.452097629,31.1944885924,121.450022927,31.1928977703
50,14:32:04,121.451801047,31.1941603149,121.452097629,31.1944885924,121.450022927,31.1928977703
51,14:32:05,121.451801047,31.1941603149,121.452097629,31.1944885924,121.450022927,31.1928977703
52,14:32:05,121.451801047,31.1941603149,121.452097629,31.1944885924,121.450022927,31.1928977703
53,14:32:06,121.451801047,31.1941603149,121.452097629,31.1944885924,121.450022927,31.1928977703
54,14:32:06,121.451801047,31.1941603149,121.452097629,31.1944885924,121.450022927,31.1928977703
55,14:32:07,121.451801047,31.1941603149,121.452097629,31.1944885924,121.450022927,31.1928977703
56,14:32:07,121.451801047,31.1941603149,121.452097629,31.1944885924,121.450022927,31.1928977703
57,14:32:08,121.451801047,31.1941603149,121.452097629,31.1944885924,121.450022927,31.1928977703
58,14:32:08,121.451801047,31.1941603149,121.452097629,31.1944885924,121.450022927,31.1928977703
59,14:32:09,121.451801047,31.1941603149,121.452097629,31.1944885924,121.450022927,31.1928977703
60,14:32:09,121.451801047,31.1941603149,121.451972912,31.1944037934,121.450022927,31.1928977703
61,14:32:09,121.451801047,31.1941603149,121.451972912,31.1944037934,121.450022927,31.1928977703
62,14:32:10,121.451801047,31.1941603149,121.451972912,31.1944037934,121.450022927,31.1928977703
63,14:32:10,121.451801047,31.1941603149,121.451972912,31.1944037934,121.450022927,31.1928977703
64,14:32:11,121.451801047,31.1941603149,121.451972912,31.1944037934,121.450022927,31.1928977703
65,14:32:11,121.451801047,31.1941603149,121.451972912,31.1944037934,121.450022927,31.1928977703
66,14:32:12,121.451801047,31.1941603149,121.451972912,31.1944037934,121.450022927,31.1928977703
67,14:32:12,121.451801047,31.1941603149,121.451972912,31.1944037934,121.450022927,31.1928977703
68,14:32:13,121.451801047,31.1941603149,121.451972912,31.1944037934,121.450022927,31.1928977703
69,14:32:13,121.451801047,31.1941603149,121.451972912,31.1944037934,121.450022927,31.1928977703
70,14:32:14,121.451801047,31.1941603149,121.451972912,31.1944037934,121.450022927,31.1928977703
71,14:32:14,121.451801047,31.1941603149,121.451972912,31.1944037934,121.450022927,31.1928977703
72,14:32:15,121.451801047,31.1941603149,121.451972912,31.1944037934,121.450022927,31.1928977703
73,14:32:15,121.451801047,31.1941603149,121.451972912,31.1944037934,121.450022927,31.1928977703
74,14:32:16,121.451801047,31.1941603149,121.451972912,31.1944037934,121.450022927,31.1928977703
75,14:32:16,121.451801047,31.1941603149,121.451972912,31.1944037934,121.450022927,31.1928977703
76,14:32:17,121.451801047,31.1941603149,121.451972912,31.1944037934,121.450022927,31.1928977703
77,14:32:17,121.451801047,31.1941603149,121.451972912,31.1944037934,121.450022927,31.1928977703
78,14:32:18,121.451801047,31.1941603149,121.451972912,31.1944037934,121.450022927,31.1928977703
79,14:32:18,121.451801047,31.1941603149,121.451972912,31.1944037934,121.450022927,31.1928977703
80,14:32:19,121.452112734,31.1943038582,121.451874833,31.1943289471,121.450022927,31.1928977703
81,14:32:19,121.452112734,31.1943038582,121.451874833,31.1943289471,121.450022927,31.1928977703
82,14:32:20,121.452112734,31.1943038582,121.451874833,31.1943289471,121.450022927,31.1928977703
83,14:32:20,121.452112734,31.1943038582,121.451874833,31.1943289471,121.450022927,31.1928977703
84,14:32:21,121.452112734,31.1943038582,121.451874833,31.1943289471,121.450022927,31.1928977703
85,14:32:21,121.452112734,31.1943038582,121.451874833,31.1943289471,121.450022927,31.1928977703
86,14:32:21,121.452112734,31.1943038582,121.451874833,31.1943289471,121.450022927,31.1928977703
87,14:32:22,121.452112734,31.1943038582,121.451874833,31.1943289471,121.450022927,31.1928977703
88,14:32:22,121.452112734,31.1943038582,121.451874833,31.1943289471,121.450022927,31.1928977703
89,14:32:23,121.452112734,31.1943038582,121.451874833,31.1943289471,121.450022927,31.1928977703
90,14:32:23,121.452112734,31.1943038582,121.451874833,31.1943289471,121.450022927,31.1928977703
91,14:32:24,121.452112734,31.1943038582,121.451874833,31.1943289471,121.450022927,31.1928977703
92,14:32:24,121.452112734,31.1943038582,121.451874833,31.1943289471,121.450022927,31.1928977703
93,14:32:25,121.452112734,31.1943038582,121.451874833,31.1943289471,121.450022927,31.1928977703
94,14:32:25,121.452112734,31.1943038582,121.451874833,31.1943289471,121.450022927,31.1928977703
95,14:32:26,121.452112734,31.1943038582,121.451874833,31.1943289471,121.450022927,31.1928977703
96,14:32:26,121.452112734,31.1943038582,121.451874833,31.1943289471,121.450022927,31.1928977703
97,14:32:27,121.452112734,31.1943038582,121.451874833,31.1943289471,121.450022927,31.1928977703
98,14:32:27,121.452112734,31.1943038582,121.451874833,31.1943289471,121.450022927,31.1928977703
99,14:32:28,121.452112734,31.1943038582,121.451874833,31.1943289471,121.450022927,31.1928977703
100,14:32:28,121.452318166,31.1943890603,121.451836613,31.1942306429,121.450022927,31.1928977703
101,14:32:29,121.452318166,31.1943890603,121.451836613,31.1942306429,121.450022927,31.1928977703
102,14:32:29,121.452318166,31.1943890603,121.451836613,31.1942306429,121.450022927,31.1928977703
103,14:32:30,121.452318166,31.1943890603,121.451836613,31.1942306429,121.450022927,31.1928977703
104,14:32:30,121.452318166,31.1943890603,121.451836613,31.1942306429,121.450022927,31.1928977703
105,14:32:31,121.452318166,31.1943890603,121.451836613,31.1942306429,121.450022927,31.1928977703
106,14:32:31,121.452318166,31.1943890603,121.451836613,31.1942306429,121.450022927,31.1928977703
107,14:32:32,121.452318166,31.1943890603,121.451836613,31.1942306429,121.450022927,31.1928977703
108,14:32:32,121.452318166,31.1943890603,121.451836613,31.1942306429,121.450022927,31.1928977703
109,14:32:33,121.452318166,31.1943890603,121.451836613,31.1942306429,121.450022927,31.1928977703
110,14:32:33,121.452318166,31.1943890603,121.451836613,31.1942306429,121.450022927,31.1928977703
111,14:32:33,121.452318166,31.1943890603,121.451836613,31.1942306429,121.450022927,31.1928977703
112,14:32:34,121.452318166,31.1943890603,121.451836613,31.1942306429,121.450022927,31.1928977703
113,14:32:34,121.452318166,31.1943890603,121.451836613,31.1942306429,121.450022927,31.1928977703
114,14:32:35,121.452318166,31.1943890603,121.451836613,31.1942306429,121.450022927,31.1928977703
115,14:32:35,121.452318166,31.1943890603,121.451836613,31.1942306429,121.450022927,31.1928977703
116,14:32:36,121.452318166,31.1943890603,121.451836613,31.1942306429,121.450022927,31.1928977703
117,14:32:36,121.452318166,31.1943890603,121.451836613,31.1942306429,121.450022927,31.1928977703
118,14:32:37,121.452318166,31.1943890603,121.451836613,31.1942306429,121.450022927,31.1928977703
119,14:32:37,121.452318166,31.1943890603,121.451836613,31.1942306429,121.450022927,31.1928977703
120,14:32:38,121.452318166,31.1943890603,121.451726866,31.1942158481,121.450022927,31.1928977703
121,14:32:38,121.452318166,31.1943890603,121.451726866,31.1942158481,121.450022927,31.1928977703
122,14:32:39,121.452318166,31.1943890603,121.451726866,31.1942158481,121.450022927,31.1928977703
123,14:32:39,121.452318166,31.1943890603,121.451726866,31.1942158481,121.450022927,31.1928977703
124,14:32:40,121.452318166,31.1943890603,121.451726866,31.1942158481,121.450022927,31.1928977703
125,14:32:40,121.452318166,31.1943890603,121.451726866,31.1942158481,121.450022927,31.1928977703
126,14:32:41,121.452318166,31.1943890603,121.451726866,31.1942158481,121.450022927,31.1928977703
127,14:32:41,121.452318166,31.1943890603,121.451726866,31.1942158481,121.450022927,31.1928977703
128,14:32:42,121.452318166,31.1943890603,121.451726866,31.1942158481,121.450022927,31.1928977703
129,14:32:42,121.452318166,31.1943890603,121.451726866,31.1942158481,121.450022927,31.1928977703
130,14:32:43,121.452318166,31.1943890603,121.451726866,31.1942158481,121.450022927,31.1928977703
131,14:32:43,121.452318166,31.1943890603,121.451726866,31.1942158481,121.450022927,31.1928977703
132,14:32:44,121.452318166,31.1943890603,121.451726866,31.1942158481,121.450022927,31.1928977703
133,14:32:44,121.452318166,31.1943890603,121.451726866,31.1942158481,121.450022927,31.1928977703
134,14:32:45,121.452318166,31.1943890603,121.451726866,31.1942158481,121.450022927,31.1928977703
135,14:32:45,121.452318166,31.1943890603,121.451726866,31.1942158481,121.450022927,31.1928977703
136,14:32:45,121.452318166,31.1943890603,121.451726866,31.1942158481,121.450022927,31.1928977703
137,14:32:46,121.452318166,31.1943890603,121.451726866,31.1942158481,121.450022927,31.1928977703
138,14:32:46,121.452318166,31.1943890603,121.451726866,31.1942158481,121.450022927,31.1928977703
139,14:32:47,121.452318166,31.1943890603,121.451726866,31.1942158481,121.450022927,31.1928977703
140,14:32:47,121.451801047,31.1941603149,121.451620407,31.1941660293,121.450022927,31.1928977703
141,14:32:48,121.451801047,31.1941603149,121.451620407,31.1941660293,121.450022927,31.1928977703
142,14:32:48,121.451801047,31.1941603149,121.451620407,31.1941660293,121.450022927,31.1928977703
143,14:32:49,121.451801047,31.1941603149,121.451620407,31.1941660293,121.450022927,31.1928977703
144,14:32:49,121.451801047,31.1941603149,121.451620407,31.1941660293,121.450022927,31.1928977703
145,14:32:50,121.451801047,31.1941603149,121.451620407,31.1941660293,121.450022927,31.1928977703
146,14:32:50,121.451801047,31.1941603149,121.451620407,31.1941660293,121.450022927,31.1928977703
147,14:32:51,121.451801047,31.1941603149,121.451620407,31.1941660293,121.450022927,31.1928977703
148,14:32:51,121.451801047,31.1941603149,121.451620407,31.1941660293,121.450022927,31.1928977703
149,14:32:52,121.451801047,31.1941603149,121.451620407,31.1941660293,121.450022927,31.1928977703
150,14:32:52,121.451801047,31.1941603149,121.451620407,31.1941660293,121.450022927,31.1928977703
151,14:32:53,121.451801047,31.1941603149,121.451620407,31.1941660293,121.450022927,31.1928977703
152,14:32:53,121.451801047,31.1941603149,121.451620407,31.1941660293,121.450022927,31.1928977703
153,14:32:54,121.451801047,31.1941603149,121.451620407,31.1941660293,121.450022927,31.1928977703
154,14:32:54,121.451801047,31.1941603149,121.451620407,31.1941660293,121.450022927,31.1928977703
155,14:32:55,121.451801047,31.1941603149,121.451620407,31.1941660293,121.450022927,31.1928977703
156,14:32:55,121.451801047,31.1941603149,121.451620407,31.1941660293,121.450022927,31.1928977703
157,14:32:56,121.451801047,31.1941603149,121.451620407,31.1941660293,121.450022927,31.1928977703
158,14:32:56,121.451801047,31.1941603149,121.451620407,31.1941660293,121.450022927,31.1928977703
159,14:32:57,121.451801047,31.1941603149,121.451620407,31.1941660293,121.450022927,31.1928977703
160,14:32:57,121.452318166,31.1943890603,121.45155226,31.1941144654,121.450022927,31.1928977703
161,14:32:57,121.452318166,31.1943890603,121.45155226,31.1941144654,121.450022927,31.1928977703
162,14:32:58,121.452318166,31.1943890603,121.45155226,31.1941144654,121.450022927,31.1928977703
163,14:32:58,121.452318166,31.1943890603,121.45155226,31.1941144654,121.450022927,31.1928977703
164,14:32:59,121.452318166,31.1943890603,121.45155226,31.1941144654,121.450022927,31.1928977703
165,14:32:59,121.452318166,31.1943890603,121.45155226,31.1941144654,121.450022927,31.1928977703
166,14:33:00,121.452318166,31.1943890603,121.45155226,31.1941144654,121.450022927,31.1928977703
167,14:33:00,121.452318166,31.1943890603,121.45155226,31.1941144654,121.450022927,31.1928977703
168,14:33:01,121.452318166,31.1943890603,121.45155226,31.1941144654,121.450022927,31.1928977703
169,14:33:01,121.452318166,31.1943890603,121.45155226,31.1941144654,121.450022927,31.1928977703
170,14:33:02,121.452318166,31.1943890603,121.45155226,31.1941144654,121.450022927,31.1928977703
171,14:33:02,121.452318166,31.1943890603,121.45155226,31.1941144654,121.450022927,31.1928977703
172,14:33:03,121.452318166,31.1943890603,121.45155226,31.1941144654,121.450022927,31.1928977703
173,14:33:03,121.452318166,31.1943890603,121.45155226,31.1941144654,121.450022927,31.1928977703
174,14:33:04,121.452318166,31.1943890603,121.45155226,31.1941144654,121.450022927,31.1928977703
175,14:33:04,121.452318166,31.1943890603,121.45155226,31.1941144654,121.450022927,31.1928977703
176,14:33:05,121.452318166,31.1943890603,121.45155226,31.1941144654,121.450022927,31.1928977703
177,14:33:05,121.452318166,31.1943890603,121.45155226,31.1941144654,121.450022927,31.1928977703
178,14:33:06,121.452318166,31.1943890603,121.45155226,31.1941144654,121.450022927,31.1928977703
179,14:33:06,121.452318166,31.1943890603,121.45155226,31.1941144654,121.450022927,31.1928977703
180,14:33:07,121.45081647,31.1936147865,121.45147743,31.1940829241,121.450022927,31.1928977703
181,14:33:07,121.45081647,31.1936147865,121.45147743,31.1940829241,121.450022927,31.1928977703
182,14:33:08,121.45081647,31.1936147865,121.45147743,31.1940829241,121.450022927,31.1928977703
183,14:33:08,121.45081647,31.1936147865,121.45147743,31.1940829241,121.450022927,31.1928977703
184,14:33:09,121.45081647,31.1936147865,121.45147743,31.1940829241,121.450022927,31.1928977703
185,14:33:09,121.45081647,31.1936147865,121.45147743,31.1940829241,121.450022927,31.1928977703
186,14:33:09,121.45081647,31.1936147865,121.45147743,31.1940829241,121.450022927,31.1928977703
187,14:33:10,121.45081647,31.1936147865,121.45147743,31.1940829241,121.450022927,31.1928977703
188,14:33:10,121.45081647,31.1936147865,121.45147743,31.1940829241,121.450022927,31.1928977703
189,14:33:11,121.45081647,31.1936147865,121.45147743,31.1940829241,121.450022927,31.1928977703
190,14:33:11,121.45081647,31.1936147865,121.45147743,31.1940829241,121.450022927,31.1928977703
191,14:33:12,121.45081647,31.1936147865,121.45147743,31.1940829241,121.450022927,31.1928977703
192,14:33:12,121.45081647,31.1936147865,121.45147743,31.1940829241,121.450022927,31.1928977703
193,14:33:13,121.45081647,31.1936147865,121.45147743,31.1940829241,121.450022927,31.1928977703
194,14:33:13,121.45081647,31.1936147865,121.45147743,31.1940829241,121.450022927,31.1928977703
195,14:33:14,121.45081647,31.1936147865,121.45147743,31.1940829241,121.450022927,31.1928977703
196,14:33:14,121.45081647,31.1936147865,121.45147743,31.1940829241,121.450022927,31.1928977703
197,14:33:15,121.45081647,31.1936147865,121.45147743,31.1940829241,121.450022927,31.1928977703
198,14:33:15,121.45081647,31.1936147865,121.45147743,31.1940829241,121.450022927,31.1928977703
199,14:33:16,121.45081647,31.1936147865,121.45147743,31.1940829241,121.450022927,31.1928977703
200,14:33:16,121.45081647,31.1936147865,121.451379252,31.1940397616,121.450022927,31.1928977703
201,14:33:17,121.45081647,31.1936147865,121.451379252,31.1940397616,121.450022927,31.1928977703
202,14:33:17,121.45081647,31.1936147865,121.451379252,31.1940397616,121.450022927,31.1928977703
203,14:33:18,121.45081647,31.1936147865,121.451379252,31.1940397616,121.450022927,31.1928977703
204,14:33:18,121.45081647,31.1936147865,121.451379252,31.1940397616,121.450022927,31.1928977703
205,14:33:19,121.45081647,31.1936147865,121.451379252,31.1940397616,121.450022927,31.1928977703
206,14:33:19,121.45081647,31.1936147865,121.451379252,31.1940397616,121.450022927,31.1928977703
207,14:33:20,121.45081647,31.1936147865,121.451379252,31.1940397616,121.450022927,31.1928977703
208,14:33:20,121.45081647,31.1936147865,121.451379252,31.1940397616,121.450022927,31.1928977703
209,14:33:21,121.45081647,31.1936147865,121.451379252,31.1940397616,121.450022927,31.1928977703
210,14:33:21,121.45081647,31.1936147865,121.451379252,31.1940397616,121.450022927,31.1928977703
211,14:33:21,121.45081647,31.1936147865,121.451379252,31.1940397616,121.450022927,31.1928977703
212,14:33:22,121.45081647,31.1936147865,121.451379252,31.1940397616,121.450022927,31.1928977703
213,14:33:22,121.45081647,31.1936147865,121.451379252,31.1940397616,121.450022927,31.1928977703
214,14:33:23,121.45081647,31.1936147865,121.451379252,31.1940397616,121.450022927,31.1928977703
215,14:33:23,121.45081647,31.1936147865,121.451379252,31.1940397616,121.450022927,31.1928977703
216,14:33:24,121.45081647,31.1936147865,121.451379252,31.1940397616,121.450022927,31.1928977703
217,14:33:24,121.45081647,31.1936147865,121.451379252,31.1940397616,121.450022927,31.1928977703
218,14:33:25,121.45081647,31.1936147865,121.451379252,31.1940397616,121.450022927,31.1928977703
219,14:33:25,121.45081647,31.1936147865,121.451379252,31.1940397616,121.450022927,31.1928977703
220,14:33:26,121.45081647,31.1936147865,121.451284466,31.1940015948,121.450022927,31.1928977703
221,14:33:26,121.45081647,31.1936147865,121.451284466,31.1940015948,121.450022927,31.1928977703
222,14:33:27,121.45081647,31.1936147865,121.451284466,31.1940015948,121.450022927,31.1928977703
223,14:33:27,121.45081647,31.1936147865,121.451284466,31.1940015948,121.450022927,31.1928977703
224,14:33:28,121.45081647,31.1936147865,121.451284466,31.1940015948,121.450022927,31.1928977703
225,14:33:28,121.45081647,31.1936147865,121.451284466,31.1940015948,121.450022927,31.1928977703
226,14:33:29,121.45081647,31.1936147865,121.451284466,31.1940015948,121.450022927,31.1928977703
227,14:33:29,121.45081647,31.1936147865,121.451284466,31.1940015948,121.450022927,31.1928977703
228,14:33:30,121.45081647,31.1936147865,121.451284466,31.1940015948,121.450022927,31.1928977703
229,14:33:30,121.45081647,31.1936147865,121.451284466,31.1940015948,121.450022927,31.1928977703
230,14:33:31,121.45081647,31.1936147865,121.451284466,31.1940015948,121.450022927,31.1928977703
231,14:33:31,121.45081647,31.1936147865,121.451284466,31.1940015948,121.450022927,31.1928977703
232,14:33:32,121.45081647,31.1936147865,121.451284466,31.1940015948,121.450022927,31.1928977703
233,14:33:32,121.45081647,31.1936147865,121.451284466,31.1940015948,121.450022927,31.1928977703
234,14:33:33,121.45081647,31.1936147865,121.451284466,31.1940015948,121.450022927,31.1928977703
235,14:33:33,121.45081647,31.1936147865,121.451284466,31.1940015948,121.450022927,31.1928977703
236,14:33:33,121.45081647,31.1936147865,121.451284466,31.1940015948,121.450022927,31.1928977703
237,14:33:34,121.45081647,31.1936147865,121.451284466,31.1940015948,121.450022927,31.1928977703
238,14:33:34,121.45081647,31.1936147865,121.451284466,31.1940015948,121.450022927,31.1928977703
239,14:33:35,121.45081647,31.1936147865,121.451284466,31.1940015948,121.450022927,31.1928977703
240,14:33:35,121.449546371,31.1929658525,121.451141491,31.1939768564,121.450022927,31.1928977703
241,14:33:36,121.449546371,31.1929658525,121.451141491,31.1939768564,121.450022927,31.1928977703
242,14:33:36,121.449546371,31.1929658525,121.451141491,31.1939768564,121.450022927,31.1928977703
243,14:33:37,121.449546371,31.1929658525,121.451141491,31.1939768564,121.450022927,31.1928977703
244,14:33:37,121.449546371,31.1929658525,121.451141491,31.1939768564,121.450022927,31.1928977703
245,14:33:38,121.449546371,31.1929658525,121.451141491,31.1939768564,121.450022927,31.1928977703
246,14:33:38,121.449546371,31.1929658525,121.451141491,31.1939768564,121.450022927,31.1928977703
247,14:33:39,121.449546371,31.1929658525,121.451141491,31.1939768564,121.450022927,31.1928977703
248,14:33:39,121.449546371,31.1929658525,121.451141491,31.1939768564,121.450022927,31.1928977703
249,14:33:40,121.449546371,31.1929658525,121.451141491,31.1939768564,121.450022927,31.1928977703
250,14:33:40,121.449546371,31.1929658525,121.451141491,31.1939768564,121.450022927,31.1928977703
251,14:33:41,121.449546371,31.1929658525,121.451141491,31.1939768564,121.450022927,31.1928977703
252,14:33:41,121.449546371,31.1929658525,121.451141491,31.1939768564,121.450022927,31.1928977703
253,14:33:42,121.449546371,31.1929658525,121.451141491,31.1939768564,121.450022927,31.1928977703
254,14:33:42,121.449546371,31.1929658525,121.451141491,31.1939768564,121.450022927,31.1928977703
255,14:33:43,121.449546371,31.1929658525,121.451141491,31.1939768564,121.450022927,31.1928977703
256,14:33:43,121.449546371,31.1929658525,121.451141491,31.1939768564,121.450022927,31.1928977703
257,14:33:44,121.449546371,31.1929658525,121.451141491,31.1939768564,121.450022927,31.1928977703
258,14:33:44,121.449546371,31.1929658525,121.451141491,31.1939768564,121.450022927,31.1928977703
259,14:33:45,121.449546371,31.1929658525,121.451141491,31.1939768564,121.450022927,31.1928977703
260,14:33:45,121.45081647,31.1936147865,121.451015078,31.1939604197,121.450022927,31.1928977703
261,14:33:46,121.45081647,31.1936147865,121.451015078,31.1939604197,121.450022927,31.1928977703
262,14:33:46,121.45081647,31.1936147865,121.451015078,31.1939604197,121.450022927,31.1928977703
263,14:33:46,121.45081647,31.1936147865,121.451015078,31.1939604197,121.450022927,31.1928977703
264,14:33:47,121.45081647,31.1936147865,121.451015078,31.1939604197,121.450022927,31.1928977703
265,14:33:47,121.45081647,31.1936147865,121.451015078,31.1939604197,121.450022927,31.1928977703
266,14:33:48,121.45081647,31.1936147865,121.451015078,31.1939604197,121.450022927,31.1928977703
267,14:33:48,121.45081647,31.1936147865,121.451015078,31.1939604197,121.450022927,31.1928977703
268,14:33:49,121.45081647,31.1936147865,121.451015078,31.1939604197,121.450022927,31.1928977703
269,14:33:49,121.45081647,31.1936147865,121.451015078,31.1939604197,121.450022927,31.1928977703
270,14:33:50,121.45081647,31.1936147865,121.451015078,31.1939604197,121.450022927,31.1928977703
271,14:33:50,121.45081647,31.1936147865,121.451015078,31.1939604197,121.450022927,31.1928977703
272,14:33:51,121.45081647,31.1936147865,121.451015078,31.1939604197,121.450022927,31.1928977703
273,14:33:51,121.45081647,31.1936147865,121.451015078,31.1939604197,121.450022927,31.1928977703
274,14:33:52,121.45081647,31.1936147865,121.451015078,31.1939604197,121.450022927,31.1928977703
275,14:33:52,121.45081647,31.1936147865,121.451015078,31.1939604197,121.450022927,31.1928977703
276,14:33:53,121.45081647,31.1936147865,121.451015078,31.1939604197,121.450022927,31.1928977703
277,14:33:53,121.45081647,31.1936147865,121.451015078,31.1939604197,121.450022927,31.1928977703
278,14:33:54,121.45081647,31.1936147865,121.451015078,31.1939604197,121.450022927,31.1928977703
279,14:33:54,121.45081647,31.1936147865,121.451015078,31.1939604197,121.450022927,31.1928977703
280,14:33:55,121.449279091,31.1927609116,121.450938653,31.1939638971,121.450022927,31.1928977703
281,14:33:55,121.449279091,31.1927609116,121.450938653,31.1939638971,121.450022927,31.1928977703
282,14:33:56,121.449279091,31.1927609116,121.450938653,31.1939638971,121.450022927,31.1928977703
283,14:33:56,121.449279091,31.1927609116,121.450938653,31.1939638971,121.450022927,31.1928977703
284,14:33:57,121.449279091,31.1927609116,121.450938653,31.1939638971,121.450022927,31.1928977703
285,14:33:57,121.449279091,31.1927609116,121.450938653,31.1939638971,121.450022927,31.1928977703
286,14:33:57,121.449279091,31.1927609116,121.450938653,31.1939638971,121.450022927,31.1928977703
287,14:33:58,121.449279091,31.1927609116,121.450938653,31.1939638971,121.450022927,31.1928977703
288,14:33:58,121.449279091,31.1927609116,121.450938653,31.1939638971,121.450022927,31.1928977703
289,14:33:59,121.449279091,31.1927609116,121.450938653,31.1939638971,121.450022927,31.1928977703
290,14:33:59,121.449279091,31.1927609116,121.450938653,31.1939638971,121.450022927,31.1928977703
291,14:34:00,121.449279091,31.1927609116,121.450938653,31.1939638971,121.450022927,31.1928977703
292,14:34:00,121.449279091,31.1927609116,121.450938653,31.1939638971,121.450022927,31.1928977703
293,14:34:01,121.449279091,31.1927609116,121.450938653,31.1939638971,121.450022927,31.1928977703
294,14:34:01,121.449279091,31.1927609116,121.450938653,31.1939638971,121.450022927,31.1928977703
295,14:34:02,121.449279091,31.1927609116,121.450938653,31.1939638971,121.450022927,31.1928977703
296,14:34:02,121.449279091,31.1927609116,121.450938653,31.1939638971,121.450022927,31.1928977703
297,14:34:03,121.449279091,31.1927609116,121.450938653,31.1939638971,121.450022927,31.1928977703
298,14:34:03,121.449279091,31.1927609116,121.450938653,31.1939638971,121.450022927,31.1928977703
299,14:34:04,121.449279091,31.1927609116,121.450938653,31.1939638971,121.450022927,31.1928977703
300,14:34:04,121.45019743,31.1932663836,121.45083389,31.1939490891,121.450022927,31.1928977703
301,14:34:05,121.45019743,31.1932663836,121.45083389,31.1939490891,121.450022927,31.1928977703
302,14:34:05,121.45019743,31.1932663836,121.45083389,31.1939490891,121.450022927,31.1928977703
303,14:34:06,121.45019743,31.1932663836,121.45083389,31.1939490891,121.450022927,31.1928977703
304,14:34:06,121.45019743,31.1932663836,121.45083389,31.1939490891,121.450022927,31.1928977703
305,14:34:07,121.45019743,31.1932663836,121.45083389,31.1939490891,121.450022927,31.1928977703
306,14:34:07,121.45019743,31.1932663836,121.45083389,31.1939490891,121.450022927,31.1928977703
307,14:34:08,121.45019743,31.1932663836,121.45083389,31.1939490891,121.450022927,31.1928977703
308,14:34:08,121.45019743,31.1932663836,121.45083389,31.1939490891,121.450022927,31.1928977703
309,14:34:09,121.45019743,31.1932663836,121.45083389,31.1939490891,121.450022927,31.1928977703
310,14:34:09,121.45019743,31.1932663836,121.45083389,31.1939490891,121.450022927,31.1928977703
311,14:34:09,121.45019743,31.1932663836,121.45083389,31.1939490891,121.450022927,31.1928977703
312,14:34:10,121.45019743,31.1932663836,121.45083389,31.1939490891,121.450022927,31.1928977703
313,14:34:10,121.45019743,31.1932663836,121.45083389,31.1939490891,121.450022927,31.1928977703
314,14:34:11,121.45019743,31.1932663836,121.45083389,31.1939490891,121.450022927,31.1928977703
315,14:34:11,121.45019743,31.1932663836,121.45083389,31.1939490891,121.450022927,31.1928977703
316,14:34:12,121.45019743,31.1932663836,121.45083389,31.1939490891,121.450022927,31.1928977703
317,14:34:12,121.45019743,31.1932663836,121.45083389,31.1939490891,121.450022927,31.1928977703
318,14:34:13,121.45019743,31.1932663836,121.45083389,31.1939490891,121.450022927,31.1928977703
319,14:34:13,121.45019743,31.1932663836,121.45083389,31.1939490891,121.450022927,31.1928977703
320,14:34:14,121.45019743,31.1932663836,121.450764046,31.1939175463,121.450022927,31.1928977703
321,14:34:14,121.45019743,31.1932663836,121.450764046,31.1939175463,121.450022927,31.1928977703
322,14:34:15,121.45019743,31.1932663836,121.450764046,31.1939175463,121.450022927,31.1928977703
323,14:34:15,121.45019743,31.1932663836,121.450764046,31.1939175463,121.450022927,31.1928977703
324,14:34:16,121.45019743,31.1932663836,121.450764046,31.1939175463,121.450022927,31.1928977703
325,14:34:16,121.45019743,31.1932663836,121.450764046,31.1939175463,121.450022927,31.1928977703
326,14:34:17,121.45019743,31.1932663836,121.450764046,31.1939175463,121.450022927,31.1928977703
327,14:34:17,121.45019743,31.1932663836,121.450764046,31.1939175463,121.450022927,31.1928977703
328,14:34:18,121.45019743,31.1932663836,121.450764046,31.1939175463,121.450022927,31.1928977703
329,14:34:18,121.45019743,31.1932663836,121.450764046,31.1939175463,121.450022927,31.1928977703
330,14:34:19,121.45019743,31.1932663836,121.450764046,31.1939175463,121.450022927,31.1928977703
331,14:34:19,121.45019743,31.1932663836,121.450764046,31.1939175463,121.450022927,31.1928977703
332,14:34:20,121.45019743,31.1932663836,121.450764046,31.1939175463,121.450022927,31.1928977703
333,14:34:20,121.45019743,31.1932663836,121.450764046,31.1939175463,121.450022927,31.1928977703
334,14:34:21,121.45019743,31.1932663836,121.450764046,31.1939175463,121.450022927,31.1928977703
335,14:34:21,121.45019743,31.1932663836,121.450764046,31.1939175463,121.450022927,31.1928977703
336,14:34:21,121.45019743,31.1932663836,121.450764046,31.1939175463,121.450022927,31.1928977703
337,14:34:22,121.45019743,31.1932663836,121.450764046,31.1939175463,121.450022927,31.1928977703
338,14:34:22,121.45019743,31.1932663836,121.450764046,31.1939175463,121.450022927,31.1928977703
339,14:34:23,121.45019743,31.1932663836,121.450764046,31.1939175463,121.450022927,31.1928977703
340,14:34:23,121.449546371,31.1929658525,121.45065429,31.1938677298,121.450022927,31.1928977703
341,14:34:24,121.449546371,31.1929658525,121.45065429,31.1938677298,121.450022927,31.1928977703
342,14:34:24,121.449546371,31.1929658525,121.45065429,31.1938677298,121.450022927,31.1928977703
343,14:34:25,121.449546371,31.1929658525,121.45065429,31.1938677298,121.450022927,31.1928977703
344,14:34:25,121.449546371,31.1929658525,121.45065429,31.1938677298,121.450022927,31.1928977703
345,14:34:26,121.449546371,31.1929658525,121.45065429,31.1938677298,121.450022927,31.1928977703
346,14:34:26,121.449546371,31.1929658525,121.45065429,31.1938677298,121.450022927,31.1928977703
347,14:34:27,121.449546371,31.1929658525,121.45065429,31.1938677298,121.450022927,31.1928977703
348,14:34:27,121.449546371,31.1929658525,121.45065429,31.1938677298,121.450022927,31.1928977703
349,14:34:28,121.449546371,31.1929658525,121.45065429,31.1938677298,121.450022927,31.1928977703
350,14:34:28,121.449546371,31.1929658525,121.45065429,31.1938677298,121.450022927,31.1928977703
351,14:34:29,121.449546371,31.1929658525,121.45065429,31.1938677298,121.450022927,31.1928977703
352,14:34:29,121.449546371,31.1929658525,121.45065429,31.1938677298,121.450022927,31.1928977703
353,14:34:30,121.449546371,31.1929658525,121.45065429,31.1938677298,121.450022927,31.1928977703
354,14:34:30,121.449546371,31.1929658525,121.45065429,31.1938677298,121.450022927,31.1928977703
355,14:34:31,121.449546371,31.1929658525,121.45065429,31.1938677298,121.450022927,31.1928977703
356,14:34:31,121.449546371,31.1929658525,121.45065429,31.1938677298,121.450022927,31.1928977703
357,14:34:32,121.449546371,31.1929658525,121.45065429,31.1938677298,121.450022927,31.1928977703
358,14:34:32,121.449546371,31.1929658525,121.45065429,31.1938677298,121.450022927,31.1928977703
359,14:34:33,121.449546371,31.1929658525,121.45065429,31.1938677298,121.450022927,31.1928977703
360,14:34:33,121.45019743,31.1932663836,121.450512904,31.1937979629,121.450022927,31.1928977703
361,14:34:33,121.45019743,31.1932663836,121.450512904,31.1937979629,121.450022927,31.1928977703
362,14:34:34,121.45019743,31.1932663836,121.450512904,31.1937979629,121.450022927,31.1928977703
363,14:34:34,121.45019743,31.1932663836,121.450512904,31.1937979629,121.450022927,31.1928977703
364,14:34:35,121.45019743,31.1932663836,121.450512904,31.1937979629,121.450022927,31.1928977703
365,14:34:35,121.45019743,31.1932663836,121.450512904,31.1937979629,121.450022927,31.1928977703
366,14:34:36,121.45019743,31.1932663836,121.450512904,31.1937979629,121.450022927,31.1928977703
367,14:34:36,121.45019743,31.1932663836,121.450512904,31.1937979629,121.450022927,31.1928977703
368,14:34:37,121.45019743,31.1932663836,121.450512904,31.1937979629,121.450022927,31.1928977703
369,14:34:37,121.45019743,31.1932663836,121.450512904,31.1937979629,121.450022927,31.1928977703
370,14:34:38,121.45019743,31.1932663836,121.450512904,31.1937979629,121.450022927,31.1928977703
371,14:34:38,121.45019743,31.1932663836,121.450512904,31.1937979629,121.450022927,31.1928977703
372,14:34:39,121.45019743,31.1932663836,121.450512904,31.1937979629,121.450022927,31.1928977703
373,14:34:39,121.45019743,31.1932663836,121.450512904,31.1937979629,121.450022927,31.1928977703
374,14:34:40,121.45019743,31.1932663836,121.450512904,31.1937979629,121.450022927,31.1928977703
375,14:34:40,121.45019743,31.1932663836,121.450512904,31.1937979629,121.450022927,31.1928977703
376,14:34:41,121.45019743,31.1932663836,121.450512904,31.1937979629,121.450022927,31.1928977703
377,14:34:41,121.45019743,31.1932663836,121.450512904,31.1937979629,121.450022927,31.1928977703
378,14:34:42,121.45019743,31.1932663836,121.450512904,31.1937979629,121.450022927,31.1928977703
379,14:34:42,121.45019743,31.1932663836,121.450512904,31.1937979629,121.450022927,31.1928977703
380,14:34:43,121.449546371,31.1929658525,121.450449736,31.1936830255,121.450022927,31.1928977703
381,14:34:44,121.449546371,31.1929658525,121.450449736,31.1936830255,121.450022927,31.1928977703
382,14:34:44,121.449546371,31.1929658525,121.450449736,31.1936830255,121.450022927,31.1928977703
383,14:34:47,121.449546371,31.1929658525,121.450449736,31.1936830255,121.450022927,31.1928977703
384,14:34:47,121.449546371,31.1929658525,121.450449736,31.1936830255,121.450022927,31.1928977703
385,14:34:48,121.449546371,31.1929658525,121.450449736,31.1936830255,121.450022927,31.1928977703
386,14:34:48,121.449546371,31.1929658525,121.450449736,31.1936830255,121.450022927,31.1928977703
387,14:35:13,121.449546371,31.1929658525,121.450449736,31.1936830255,121.450022927,31.1928977703
388,14:35:14,121.449546371,31.1929658525,121.450449736,31.1936830255,121.450022927,31.1928977703
389,14:35:14,121.449546371,31.1929658525,121.450449736,31.1936830255,121.450022927,31.1928977703
390,14:35:15,121.449546371,31.1929658525,121.450449736,31.1936830255,121.450022927,31.1928977703
391,14:35:15,121.449546371,31.1929658525,121.450449736,31.1936830255,121.450022927,31.1928977703
392,14:35:16,121.449546371,31.1929658525,121.450449736,31.1936830255,121.450022927,31.1928977703
393,14:35:17,121.449546371,31.1929658525,121.450449736,31.1936830255,121.450022927,31.1928977703
394,14:35:17,121.449546371,31.1929658525,121.450449736,31.1936830255,121.450022927,31.1928977703
395,14:35:17,121.449546371,31.1929658525,121.450449736,31.1936830255,121.450022927,31.1928977703
396,14:35:18,121.449546371,31.1929658525,121.450449736,31.1936830255,121.450022927,31.1928977703
397,14:35:18,121.449546371,31.1929658525,121.450449736,31.1936830255,121.450022927,31.1928977703
398,14:35:19,121.449546371,31.1929658525,121.450449736,31.1936830255,121.450022927,31.1928977703
399,14:35:19,121.449546371,31.1929658525,121.450449736,31.1936830255,121.450022927,31.1928977703
400,14:35:20,121.447041355,31.1917311961,121.450090516,31.1933618724,121.450022927,31.1928977703
401,14:35:20,121.447041355,31.1917311961,121.450090516,31.1933618724,121.450022927,31.1928977703
402,14:35:21,121.447041355,31.1917311961,121.450090516,31.1933618724,121.450022927,31.1928977703
403,14:35:21,121.447041355,31.1917311961,121.450090516,31.1933618724,121.450022927,31.1928977703
404,14:35:22,121.447041355,31.1917311961,121.450090516,31.1933618724,121.450022927,31.1928977703
405,14:35:22,121.447041355,31.1917311961,121.450090516,31.1933618724,121.450022927,31.1928977703
406,14:35:23,121.447041355,31.1917311961,121.450090516,31.1933618724,121.450022927,31.1928977703
407,14:35:23,121.447041355,31.1917311961,121.450090516,31.1933618724,121.450022927,31.1928977703
408,14:35:24,121.447041355,31.1917311961,121.450090516,31.1933618724,121.450022927,31.1928977703
409,14:35:24,121.447041355,31.1917311961,121.450090516,31.1933618724,121.450022927,31.1928977703
410,14:35:25,121.447041355,31.1917311961,121.450090516,31.1933618724,121.450022927,31.1928977703
411,14:35:25,121.447041355,31.1917311961,121.450090516,31.1933618724,121.450022927,31.1928977703
412,14:35:26,121.447041355,31.1917311961,121.450090516,31.1933618724,121.450022927,31.1928977703
413,14:35:26,121.447041355,31.1917311961,121.450090516,31.1933618724,121.450022927,31.1928977703
414,14:35:27,121.447041355,31.1917311961,121.450090516,31.1933618724,121.450022927,31.1928977703
415,14:35:27,121.447041355,31.1917311961,121.450090516,31.1933618724,121.450022927,31.1928977703
416,14:35:28,121.447041355,31.1917311961,121.450090516,31.1933618724,121.450022927,31.1928977703
417,14:35:28,121.447041355,31.1917311961,121.450090516,31.1933618724,121.450022927,31.1928977703
418,14:35:29,121.447041355,31.1917311961,121.450090516,31.1933618724,121.450022927,31.1928977703
419,14:35:29,121.447041355,31.1917311961,121.450090516,31.1933618724,121.450022927,31.1928977703
420,14:35:29,121.447041355,31.1917311961,121.450038923,31.1932702538,121.450022927,31.1928977703
421,14:35:30,121.447041355,31.1917311961,121.450038923,31.1932702538,121.450022927,31.1928977703
422,14:35:30,121.447041355,31.1917311961,121.450038923,31.1932702538,121.450022927,31.1928977703
423,14:35:31,121.447041355,31.1917311961,121.450038923,31.1932702538,121.450022927,31.1928977703
424,14:35:31,121.447041355,31.1917311961,121.450038923,31.1932702538,121.450022927,31.1928977703
425,14:35:32,121.447041355,31.1917311961,121.450038923,31.1932702538,121.450022927,31.1928977703
426,14:35:32,121.447041355,31.1917311961,121.450038923,31.1932702538,121.450022927,31.1928977703
427,14:35:33,121.447041355,31.1917311961,121.450038923,31.1932702538,121.450022927,31.1928977703
428,14:35:33,121.447041355,31.1917311961,121.450038923,31.1932702538,121.450022927,31.1928977703
429,14:35:34,121.447041355,31.1917311961,121.450038923,31.1932702538,121.450022927,31.1928977703
430,14:35:34,121.447041355,31.1917311961,121.450038923,31.1932702538,121.450022927,31.1928977703
431,14:35:35,121.447041355,31.1917311961,121.450038923,31.1932702538,121.450022927,31.1928977703
432,14:35:35,121.447041355,31.1917311961,121.450038923,31.1932702538,121.450022927,31.1928977703
433,14:35:36,121.447041355,31.1917311961,121.450038923,31.1932702538,121.450022927,31.1928977703
434,14:35:36,121.447041355,31.1917311961,121.450038923,31.1932702538,121.450022927,31.1928977703
435,14:35:37,121.447041355,31.1917311961,121.450038923,31.1932702538,121.450022927,31.1928977703
436,14:35:37,121.447041355,31.1917311961,121.450038923,31.1932702538,121.450022927,31.1928977703
437,14:35:38,121.447041355,31.1917311961,121.450038923,31.1932702538,121.450022927,31.1928977703
438,14:35:38,121.447041355,31.1917311961,121.450038923,31.1932702538,121.450022927,31.1928977703
439,14:35:39,121.447041355,31.1917311961,121.450038923,31.1932702538,121.450022927,31.1928977703
440,14:35:39,121.447041355,31.1917311961,121.449781203,31.1933291035,121.450022927,31.1928977703
441,14:35:40,121.447041355,31.1917311961,121.449781203,31.1933291035,121.450022927,31.1928977703
442,14:35:40,121.447041355,31.1917311961,121.449781203,31.1933291035,121.450022927,31.1928977703
443,14:35:40,121.447041355,31.1917311961,121.449781203,31.1933291035,121.450022927,31.1928977703
444,14:35:41,121.447041355,31.1917311961,121.449781203,31.1933291035,121.450022927,31.1928977703
445,14:35:41,121.447041355,31.1917311961,121.449781203,31.1933291035,121.450022927,31.1928977703
446,14:35:42,121.447041355,31.1917311961,121.449781203,31.1933291035,121.450022927,31.1928977703
447,14:35:42,121.447041355,31.1917311961,121.449781203,31.1933291035,121.450022927,31.1928977703
448,14:35:43,121.447041355,31.1917311961,121.449781203,31.1933291035,121.450022927,31.1928977703
449,14:35:43,121.447041355,31.1917311961,121.449781203,31.1933291035,121.450022927,31.1928977703
450,14:35:44,121.447041355,31.1917311961,121.449781203,31.1933291035,121.450022927,31.1928977703
451,14:35:44,121.447041355,31.1917311961,121.449781203,31.1933291035,121.450022927,31.1928977703
452,14:35:45,121.447041355,31.1917311961,121.449781203,31.1933291035,121.450022927,31.1928977703
453,14:35:45,121.447041355,31.1917311961,121.449781203,31.1933291035,121.450022927,31.1928977703
454,14:35:46,121.447041355,31.1917311961,121.449781203,31.1933291035,121.450022927,31.1928977703
455,14:35:46,121.447041355,31.1917311961,121.449781203,31.1933291035,121.450022927,31.1928977703
456,14:35:47,121.447041355,31.1917311961,121.449781203,31.1933291035,121.450022927,31.1928977703
457,14:35:47,121.447041355,31.1917311961,121.449781203,31.1933291035,121.450022927,31.1928977703
458,14:35:48,121.447041355,31.1917311961,121.449781203,31.1933291035,121.450022927,31.1928977703
459,14:35:48,121.447041355,31.1917311961,121.449781203,31.1933291035,121.450022927,31.1928977703
460,14:35:49,121.449546371,31.1929658525,121.449641511,31.1933076824,121.450022927,31.1928977703
461,14:35:49,121.449546371,31.1929658525,121.449641511,31.1933076824,121.450022927,31.1928977703
462,14:35:50,121.449546371,31.1929658525,121.449641511,31.1933076824,121.450022927,31.1928977703
463,14:35:50,121.449546371,31.1929658525,121.449641511,31.1933076824,121.450022927,31.1928977703
464,14:35:51,121.449546371,31.1929658525,121.449641511,31.1933076824,121.450022927,31.1928977703
465,14:35:51,121.449546371,31.1929658525,121.449641511,31.1933076824,121.450022927,31.1928977703
466,14:35:52,121.449546371,31.1929658525,121.449641511,31.1933076824,121.450022927,31.1928977703
467,14:35:52,121.449546371,31.1929658525,121.449641511,31.1933076824,121.450022927,31.1928977703
468,14:35:52,121.449546371,31.1929658525,121.449641511,31.1933076824,121.450022927,31.1928977703
469,14:35:53,121.449546371,31.1929658525,121.449641511,31.1933076824,121.450022927,31.1928977703
470,14:35:53,121.449546371,31.1929658525,121.449641511,31.1933076824,121.450022927,31.1928977703
471,14:35:54,121.449546371,31.1929658525,121.449641511,31.1933076824,121.450022927,31.1928977703
472,14:35:54,121.449546371,31.1929658525,121.449641511,31.1933076824,121.450022927,31.1928977703
473,14:35:55,121.449546371,31.1929658525,121.449641511,31.1933076824,121.450022927,31.1928977703
474,14:35:55,121.449546371,31.1929658525,121.449641511,31.1933076824,121.450022927,31.1928977703
475,14:35:56,121.449546371,31.1929658525,121.449641511,31.1933076824,121.450022927,31.1928977703
476,14:35:56,121.449546371,31.1929658525,121.449641511,31.1933076824,121.450022927,31.1928977703
477,14:35:57,121.449546371,31.1929658525,121.449641511,31.1933076824,121.450022927,31.1928977703
478,14:35:57,121.449546371,31.1929658525,121.449641511,31.1933076824,121.450022927,31.1928977703
479,14:35:58,121.449546371,31.1929658525,121.449641511,31.1933076824,121.450022927,31.1928977703
480,14:35:58,121.449546371,31.1929658525,121.449536732,31.1931778126,121.450022927,31.1928977703
481,14:35:59,121.449546371,31.1929658525,121.449536732,31.1931778126,121.450022927,31.1928977703
482,14:35:59,121.449546371,31.1929658525,121.449536732,31.1931778126,121.450022927,31.1928977703
483,14:36:00,121.449546371,31.1929658525,121.449536732,31.1931778126,121.450022927,31.1928977703
484,14:36:00,121.449546371,31.1929658525,121.449536732,31.1931778126,121.450022927,31.1928977703
485,14:36:01,121.449546371,31.1929658525,121.449536732,31.1931778126,121.450022927,31.1928977703
486,14:36:01,121.449546371,31.1929658525,121.449536732,31.1931778126,121.450022927,31.1928977703
487,14:36:02,121.449546371,31.1929658525,121.449536732,31.1931778126,121.450022927,31.1928977703
488,14:36:02,121.449546371,31.1929658525,121.449536732,31.1931778126,121.450022927,31.1928977703
489,14:36:03,121.449546371,31.1929658525,121.449536732,31.1931778126,121.450022927,31.1928977703
490,14:36:03,121.449546371,31.1929658525,121.449536732,31.1931778126,121.450022927,31.1928977703
491,14:36:04,121.449546371,31.1929658525,121.449536732,31.1931778126,121.450022927,31.1928977703
492,14:36:04,121.449546371,31.1929658525,121.449536732,31.1931778126,121.450022927,31.1928977703
493,14:36:04,121.449546371,31.1929658525,121.449536732,31.1931778126,121.450022927,31.1928977703
494,14:36:05,121.449546371,31.1929658525,121.449536732,31.1931778126,121.450022927,31.1928977703
495,14:36:05,121.449546371,31.1929658525,121.449536732,31.1931778126,121.450022927,31.1928977703
496,14:36:06,121.449546371,31.1929658525,121.449536732,31.1931778126,121.450022927,31.1928977703
497,14:36:06,121.449546371,31.1929658525,121.449536732,31.1931778126,121.450022927,31.1928977703
498,14:36:07,121.449546371,31.1929658525,121.449536732,31.1931778126,121.450022927,31.1928977703
499,14:36:07,121.449546371,31.1929658525,121.449536732,31.1931778126,121.450022927,31.1928977703
500,14:36:08,121.447041355,31.1917311961,121.449453508,31.1930862514,121.450022927,31.1928977703
501,14:36:08,121.447041355,31.1917311961,121.449453508,31.1930862514,121.450022927,31.1928977703
502,14:36:09,121.447041355,31.1917311961,121.449453508,31.1930862514,121.450022927,31.1928977703
503,14:36:09,121.447041355,31.1917311961,121.449453508,31.1930862514,121.450022927,31.1928977703
504,14:36:10,121.447041355,31.1917311961,121.449453508,31.1930862514,121.450022927,31.1928977703
505,14:36:10,121.447041355,31.1917311961,121.449453508,31.1930862514,121.450022927,31.1928977703
506,14:36:11,121.447041355,31.1917311961,121.449453508,31.1930862514,121.450022927,31.1928977703
507,14:36:11,121.447041355,31.1917311961,121.449453508,31.1930862514,121.450022927,31.1928977703
508,14:36:12,121.447041355,31.1917311961,121.449453508,31.1930862514,121.450022927,31.1928977703
509,14:36:12,121.447041355,31.1917311961,121.449453508,31.1930862514,121.450022927,31.1928977703
510,14:36:13,121.447041355,31.1917311961,121.449453508,31.1930862514,121.450022927,31.1928977703
511,14:36:13,121.447041355,31.1917311961,121.449453508,31.1930862514,121.450022927,31.1928977703
512,14:36:14,121.447041355,31.1917311961,121.449453508,31.1930862514,121.450022927,31.1928977703
513,14:36:14,121.447041355,31.1917311961,121.449453508,31.1930862514,121.450022927,31.1928977703
514,14:36:16,121.447041355,31.1917311961,121.449453508,31.1930862514,121.450022927,31.1928977703
515,14:36:16,121.447041355,31.1917311961,121.449453508,31.1930862514,121.450022927,31.1928977703
516,14:36:17,121.447041355,31.1917311961,121.449453508,31.1930862514,121.450022927,31.1928977703
517,14:36:17,121.447041355,31.1917311961,121.449453508,31.1930862514,121.450022927,31.1928977703
518,14:36:18,121.447041355,31.1917311961,121.449453508,31.1930862514,121.450022927,31.1928977703
519,14:36:18,121.447041355,31.1917311961,121.449453508,31.1930862514,121.450022927,31.1928977703
520,14:36:19,121.447041355,31.1917311961,121.449420273,31.1929829319,121.450022927,31.1928977703
521,14:36:19,121.447041355,31.1917311961,121.449420273,31.1929829319,121.450022927,31.1928977703
522,14:36:20,121.447041355,31.1917311961,121.449420273,31.1929829319,121.450022927,31.1928977703
523,14:36:20,121.447041355,31.1917311961,121.449420273,31.1929829319,121.450022927,31.1928977703
524,14:36:21,121.447041355,31.1917311961,121.449420273,31.1929829319,121.450022927,31.1928977703
525,14:36:21,121.447041355,31.1917311961,121.449420273,31.1929829319,121.450022927,31.1928977703
526,14:36:22,121.447041355,31.1917311961,121.449420273,31.1929829319,121.450022927,31.1928977703
527,14:36:22,121.447041355,31.1917311961,121.449420273,31.1929829319,121.450022927,31.1928977703
528,14:36:23,121.447041355,31.1917311961,121.449420273,31.1929829319,121.450022927,31.1928977703
529,14:36:23,121.447041355,31.1917311961,121.449420273,31.1929829319,121.450022927,31.1928977703
530,14:36:24,121.447041355,31.1917311961,121.449420273,31.1929829319,121.450022927,31.1928977703
531,14:36:24,121.447041355,31.1917311961,121.449420273,31.1929829319,121.450022927,31.1928977703
532,14:36:25,121.447041355,31.1917311961,121.449420273,31.1929829319,121.450022927,31.1928977703
533,14:36:25,121.447041355,31.1917311961,121.449420273,31.1929829319,121.450022927,31.1928977703
534,14:36:26,121.447041355,31.1917311961,121.449420273,31.1929829319,121.450022927,31.1928977703
535,14:36:26,121.447041355,31.1917311961,121.449420273,31.1929829319,121.450022927,31.1928977703
536,14:36:27,121.447041355,31.1917311961,121.449420273,31.1929829319,121.450022927,31.1928977703
537,14:36:27,121.447041355,31.1917311961,121.449420273,31.1929829319,121.450022927,31.1928977703
538,14:36:28,121.447041355,31.1917311961,121.449420273,31.1929829319,121.450022927,31.1928977703
539,14:36:28,121.447041355,31.1917311961,121.449420273,31.1929829319,121.450022927,31.1928977703
540,14:36:28,121.449279091,31.1927609116,121.44933874,31.1928313376,121.450022927,31.1928977703
541,14:36:29,121.449279091,31.1927609116,121.44933874,31.1928313376,121.450022927,31.1928977703
542,14:36:29,121.449279091,31.1927609116,121.44933874,31.1928313376,121.450022927,31.1928977703
543,14:36:30,121.449279091,31.1927609116,121.44933874,31.1928313376,121.450022927,31.1928977703
544,14:36:30,121.449279091,31.1927609116,121.44933874,31.1928313376,121.450022927,31.1928977703
545,14:36:31,121.449279091,31.1927609116,121.44933874,31.1928313376,121.450022927,31.1928977703
546,14:36:31,121.449279091,31.1927609116,121.44933874,31.1928313376,121.450022927,31.1928977703
547,14:36:32,121.449279091,31.1927609116,121.44933874,31.1928313376,121.450022927,31.1928977703
548,14:36:33,121.449279091,31.1927609116,121.44933874,31.1928313376,121.450022927,31.1928977703
549,14:36:33,121.449279091,31.1927609116,121.44933874,31.1928313376,121.450022927,31.1928977703
550,14:36:33,121.449279091,31.1927609116,121.44933874,31.1928313376,121.450022927,31.1928977703
551,14:36:34,121.449279091,31.1927609116,121.44933874,31.1928313376,121.450022927,31.1928977703
552,14:36:34,121.449279091,31.1927609116,121.44933874,31.1928313376,121.450022927,31.1928977703
553,14:36:35,121.449279091,31.1927609116,121.44933874,31.1928313376,121.450022927,31.1928977703
554,14:36:35,121.449279091,31.1927609116,121.44933874,31.1928313376,121.450022927,31.1928977703
555,14:36:36,121.449279091,31.1927609116,121.44933874,31.1928313376,121.450022927,31.1928977703
556,14:36:36,121.449279091,31.1927609116,121.44933874,31.1928313376,121.450022927,31.1928977703
557,14:36:37,121.449279091,31.1927609116,121.44933874,31.1928313376,121.450022927,31.1928977703
558,14:36:37,121.449279091,31.1927609116,121.44933874,31.1928313376,121.450022927,31.1928977703
559,14:36:38,121.449279091,31.1927609116,121.44933874,31.1928313376,121.450022927,31.1928977703
560,14:36:38,121.449279091,31.1927609116,121.449257307,31.1926930894,121.450022927,31.1928977703
561,14:36:39,121.449279091,31.1927609116,121.449257307,31.1926930894,121.450022927,31.1928977703
562,14:36:39,121.449279091,31.1927609116,121.449257307,31.1926930894,121.450022927,31.1928977703
563,14:36:40,121.449279091,31.1927609116,121.449257307,31.1926930894,121.450022927,31.1928977703
564,14:36:40,121.449279091,31.1927609116,121.449257307,31.1926930894,121.450022927,31.1928977703
565,14:36:40,121.449279091,31.1927609116,121.449257307,31.1926930894,121.450022927,31.1928977703
566,14:36:41,121.449279091,31.1927609116,121.449257307,31.1926930894,121.450022927,31.1928977703
567,14:36:42,121.449279091,31.1927609116,121.449257307,31.1926930894,121.450022927,31.1928977703
568,14:36:42,121.449279091,31.1927609116,121.449257307,31.1926930894,121.450022927,31.1928977703
569,14:36:42,121.449279091,31.1927609116,121.449257307,31.1926930894,121.450022927,31.1928977703
570,14:36:43,121.449279091,31.1927609116,121.449257307,31.1926930894,121.450022927,31.1928977703
571,14:36:43,121.449279091,31.1927609116,121.449257307,31.1926930894,121.450022927,31.1928977703
572,14:36:44,121.449279091,31.1927609116,121.449257307,31.1926930894,121.450022927,31.1928977703
573,14:36:44,121.449279091,31.1927609116,121.449257307,31.1926930894,121.450022927,31.1928977703
574,14:36:45,121.449279091,31.1927609116,121.449257307,31.1926930894,121.450022927,31.1928977703
575,14:36:45,121.449279091,31.1927609116,121.449257307,31.1926930894,121.450022927,31.1928977703
576,14:36:46,121.449279091,31.1927609116,121.449257307,31.1926930894,121.450022927,31.1928977703
577,14:36:46,121.449279091,31.1927609116,121.449257307,31.1926930894,121.450022927,31.1928977703
578,14:36:47,121.449279091,31.1927609116,121.449257307,31.1926930894,121.450022927,31.1928977703
579,14:36:47,121.449279091,31.1927609116,121.449257307,31.1926930894,121.450022927,31.1928977703
580,14:36:48,121.449279091,31.1927609116,121.4491675,31.1926449007,121.450022927,31.1928977703
581,14:36:48,121.449279091,31.1927609116,121.4491675,31.1926449007,121.450022927,31.1928977703
582,14:36:49,121.449279091,31.1927609116,121.4491675,31.1926449007,121.450022927,31.1928977703
583,14:36:49,121.449279091,31.1927609116,121.4491675,31.1926449007,121.450022927,31.1928977703
584,14:36:50,121.449279091,31.1927609116,121.4491675,31.1926449007,121.450022927,31.1928977703
585,14:36:50,121.449279091,31.1927609116,121.4491675,31.1926449007,121.450022927,31.1928977703
586,14:36:51,121.449279091,31.1927609116,121.4491675,31.1926449007,121.450022927,31.1928977703
587,14:36:51,121.449279091,31.1927609116,121.4491675,31.1926449007,121.450022927,31.1928977703
588,14:36:52,121.449279091,31.1927609116,121.4491675,31.1926449007,121.450022927,31.1928977703
589,14:36:52,121.449279091,31.1927609116,121.4491675,31.1926449007,121.450022927,31.1928977703
590,14:36:52,121.449279091,31.1927609116,121.4491675,31.1926449007,121.450022927,31.1928977703
591,14:36:53,121.449279091,31.1927609116,121.4491675,31.1926449007,121.450022927,31.1928977703
592,14:36:53,121.449279091,31.1927609116,121.4491675,31.1926449007,121.450022927,31.1928977703
593,14:36:54,121.449279091,31.1927609116,121.4491675,31.1926449007,121.450022927,31.1928977703
594,14:36:54,121.449279091,31.1927609116,121.4491675,31.1926449007,121.450022927,31.1928977703
595,14:36:55,121.449279091,31.1927609116,121.4491675,31.1926449007,121.450022927,31.1928977703
596,14:36:55,121.449279091,31.1927609116,121.4491675,31.1926449007,121.450022927,31.1928977703
597,14:36:56,121.449279091,31.1927609116,121.4491675,31.1926449007,121.450022927,31.1928977703
598,14:36:56,121.449279091,31.1927609116,121.4491675,31.1926449007,121.450022927,31.1928977703
599,14:36:57,121.449279091,31.1927609116,121.4491675,31.1926449007,121.450022927,31.1928977703
600,14:36:57,121.449279091,31.1927609116,121.449079288,31.1925816914,121.450022927,31.1928977703
601,14:36:58,121.449279091,31.1927609116,121.449079288,31.1925816914,121.450022927,31.1928977703
602,14:36:58,121.449279091,31.1927609116,121.449079288,31.1925816914,121.450022927,31.1928977703
603,14:36:59,121.449279091,31.1927609116,121.449079288,31.1925816914,121.450022927,31.1928977703
604,14:36:59,121.449279091,31.1927609116,121.449079288,31.1925816914,121.450022927,31.1928977703
605,14:37:00,121.449279091,31.1927609116,121.449079288,31.1925816914,121.450022927,31.1928977703
606,14:37:00,121.449279091,31.1927609116,121.449079288,31.1925816914,121.450022927,31.1928977703
607,14:37:01,121.449279091,31.1927609116,121.449079288,31.1925816914,121.450022927,31.1928977703
608,14:37:01,121.449279091,31.1927609116,121.449079288,31.1925816914,121.450022927,31.1928977703
609,14:37:02,121.449279091,31.1927609116,121.449079288,31.1925816914,121.450022927,31.1928977703
610,14:37:02,121.449279091,31.1927609116,121.449079288,31.1925816914,121.450022927,31.1928977703
611,14:37:03,121.449279091,31.1927609116,121.449079288,31.1925816914,121.450022927,31.1928977703
612,14:37:03,121.449279091,31.1927609116,121.449079288,31.1925816914,121.450022927,31.1928977703
613,14:37:04,121.449279091,31.1927609116,121.449079288,31.1925816914,121.450022927,31.1928977703
614,14:37:04,121.449279091,31.1927609116,121.449079288,31.1925816914,121.450022927,31.1928977703
615,14:37:04,121.449279091,31.1927609116,121.449079288,31.1925816914,121.450022927,31.1928977703
616,14:37:05,121.449279091,31.1927609116,121.449079288,31.1925816914,121.450022927,31.1928977703
617,14:37:05,121.449279091,31.1927609116,121.449079288,31.1925816914,121.450022927,31.1928977703
618,14:37:06,121.449279091,31.1927609116,121.449079288,31.1925816914,121.450022927,31.1928977703
619,14:37:06,121.449279091,31.1927609116,121.449079288,31.1925816914,121.450022927,31.1928977703
620,14:37:07,121.449279091,31.1927609116,121.4489812,31.1925418514,121.450022927,31.1928977703
621,14:37:07,121.449279091,31.1927609116,121.4489812,31.1925418514,121.450022927,31.1928977703
622,14:37:08,121.449279091,31.1927609116,121.4489812,31.1925418514,121.450022927,31.1928977703
623,14:37:08,121.449279091,31.1927609116,121.4489812,31.1925418514,121.450022927,31.1928977703
624,14:37:09,121.449279091,31.1927609116,121.4489812,31.1925418514,121.450022927,31.1928977703
625,14:37:09,121.449279091,31.1927609116,121.4489812,31.1925418514,121.450022927,31.1928977703
626,14:37:10,121.449279091,31.1927609116,121.4489812,31.1925418514,121.450022927,31.1928977703
627,14:37:10,121.449279091,31.1927609116,121.4489812,31.1925418514,121.450022927,31.1928977703
628,14:37:11,121.449279091,31.1927609116,121.4489812,31.1925418514,121.450022927,31.1928977703
629,14:37:11,121.449279091,31.1927609116,121.4489812,31.1925418514,121.450022927,31.1928977703
630,14:37:12,121.449279091,31.1927609116,121.4489812,31.1925418514,121.450022927,31.1928977703
631,14:37:12,121.449279091,31.1927609116,121.4489812,31.1925418514,121.450022927,31.1928977703
632,14:37:13,121.449279091,31.1927609116,121.4489812,31.1925418514,121.450022927,31.1928977703
633,14:37:13,121.449279091,31.1927609116,121.4489812,31.1925418514,121.450022927,31.1928977703
634,14:37:14,121.449279091,31.1927609116,121.4489812,31.1925418514,121.450022927,31.1928977703
635,14:37:14,121.449279091,31.1927609116,121.4489812,31.1925418514,121.450022927,31.1928977703
636,14:37:15,121.449279091,31.1927609116,121.4489812,31.1925418514,121.450022927,31.1928977703
637,14:37:15,121.449279091,31.1927609116,121.4489812,31.1925418514,121.450022927,31.1928977703
638,14:37:16,121.449279091,31.1927609116,121.4489812,31.1925418514,121.450022927,31.1928977703
639,14:37:16,121.449279091,31.1927609116,121.4489812,31.1925418514,121.450022927,31.1928977703
640,14:37:16,121.449279091,31.1927609116,121.448725067,31.1926457098,121.450022927,31.1928977703
641,14:37:17,121.449279091,31.1927609116,121.448725067,31.1926457098,121.450022927,31.1928977703
642,14:37:17,121.449279091,31.1927609116,121.448725067,31.1926457098,121.450022927,31.1928977703
643,14:37:18,121.449279091,31.1927609116,121.448725067,31.1926457098,121.450022927,31.1928977703
644,14:37:18,121.449279091,31.1927609116,121.448725067,31.1926457098,121.450022927,31.1928977703
645,14:37:19,121.449279091,31.1927609116,121.448725067,31.1926457098,121.450022927,31.1928977703
646,14:37:19,121.449279091,31.1927609116,121.448725067,31.1926457098,121.450022927,31.1928977703
647,14:37:20,121.449279091,31.1927609116,121.448725067,31.1926457098,121.450022927,31.1928977703
648,14:37:20,121.449279091,31.1927609116,121.448725067,31.1926457098,121.450022927,31.1928977703
649,14:37:21,121.449279091,31.1927609116,121.448725067,31.1926457098,121.450022927,31.1928977703
650,14:37:21,121.449279091,31.1927609116,121.448725067,31.1926457098,121.450022927,31.1928977703
651,14:37:22,121.449279091,31.1927609116,121.448725067,31.1926457098,121.450022927,31.1928977703
652,14:37:22,121.449279091,31.1927609116,121.448725067,31.1926457098,121.450022927,31.1928977703
653,14:37:23,121.449279091,31.1927609116,121.448725067,31.1926457098,121.450022927,31.1928977703
654,14:37:23,121.449279091,31.1927609116,121.448725067,31.1926457098,121.450022927,31.1928977703
655,14:37:24,121.449279091,31.1927609116,121.448725067,31.1926457098,121.450022927,31.1928977703
656,14:37:24,121.449279091,31.1927609116,121.448725067,31.1926457098,121.450022927,31.1928977703
657,14:37:25,121.449279091,31.1927609116,121.448725067,31.1926457098,121.450022927,31.1928977703
658,14:37:25,121.449279091,31.1927609116,121.448725067,31.1926457098,121.450022927,31.1928977703
659,14:37:26,121.449279091,31.1927609116,121.448725067,31.1926457098,121.450022927,31.1928977703
660,14:37:26,121.447041355,31.1917311961,121.448651922,31.1925958182,121.450022927,31.1928977703
661,14:37:27,121.447041355,31.1917311961,121.448651922,31.1925958182,121.450022927,31.1928977703
662,14:37:27,121.447041355,31.1917311961,121.448651922,31.1925958182,121.450022927,31.1928977703
663,14:37:28,121.447041355,31.1917311961,121.448651922,31.1925958182,121.450022927,31.1928977703
664,14:37:28,121.447041355,31.1917311961,121.448651922,31.1925958182,121.450022927,31.1928977703
665,14:37:29,121.447041355,31.1917311961,121.448651922,31.1925958182,121.450022927,31.1928977703
666,14:37:29,121.447041355,31.1917311961,121.448651922,31.1925958182,121.450022927,31.1928977703
667,14:37:30,121.447041355,31.1917311961,121.448651922,31.1925958182,121.450022927,31.1928977703
668,14:37:30,121.447041355,31.1917311961,121.448651922,31.1925958182,121.450022927,31.1928977703
669,14:37:30,121.447041355,31.1917311961,121.448651922,31.1925958182,121.450022927,31.1928977703
670,14:37:31,121.447041355,31.1917311961,121.448651922,31.1925958182,121.450022927,31.1928977703
671,14:37:31,121.447041355,31.1917311961,121.448651922,31.1925958182,121.450022927,31.1928977703
672,14:37:32,121.447041355,31.1917311961,121.448651922,31.1925958182,121.450022927,31.1928977703
673,14:37:32,121.447041355,31.1917311961,121.448651922,31.1925958182,121.450022927,31.1928977703
674,14:37:33,121.447041355,31.1917311961,121.448651922,31.1925958182,121.450022927,31.1928977703
675,14:37:33,121.447041355,31.1917311961,121.448651922,31.1925958182,121.450022927,31.1928977703
676,14:37:34,121.447041355,31.1917311961,121.448651922,31.1925958182,121.450022927,31.1928977703
677,14:37:34,121.447041355,31.1917311961,121.448651922,31.1925958182,121.450022927,31.1928977703
678,14:37:35,121.447041355,31.1917311961,121.448651922,31.1925958182,121.450022927,31.1928977703
679,14:37:35,121.447041355,31.1917311961,121.448651922,31.1925958182,121.450022927,31.1928977703
680,14:37:36,121.447041355,31.1917311961,121.448593742,31.192519216,121.450022927,31.1928977703
681,14:37:36,121.447041355,31.1917311961,121.448593742,31.192519216,121.450022927,31.1928977703
682,14:37:37,121.447041355,31.1917311961,121.448593742,31.192519216,121.450022927,31.1928977703
683,14:37:37,121.447041355,31.1917311961,121.448593742,31.192519216,121.450022927,31.1928977703
684,14:37:38,121.447041355,31.1917311961,121.448593742,31.192519216,121.450022927,31.1928977703
685,14:37:38,121.447041355,31.1917311961,121.448593742,31.192519216,121.450022927,31.1928977703
686,14:37:39,121.447041355,31.1917311961,121.448593742,31.192519216,121.450022927,31.1928977703
687,14:37:39,121.447041355,31.1917311961,121.448593742,31.192519216,121.450022927,31.1928977703
688,14:37:40,121.447041355,31.1917311961,121.448593742,31.192519216,121.450022927,31.1928977703
689,14:37:40,121.447041355,31.1917311961,121.448593742,31.192519216,121.450022927,31.1928977703
690,14:37:40,121.447041355,31.1917311961,121.448593742,31.192519216,121.450022927,31.1928977703
691,14:37:41,121.447041355,31.1917311961,121.448593742,31.192519216,121.450022927,31.1928977703
692,14:37:42,121.447041355,31.1917311961,121.448593742,31.192519216,121.450022927,31.1928977703
693,14:37:42,121.447041355,31.1917311961,121.448593742,31.192519216,121.450022927,31.1928977703
694,14:37:42,121.447041355,31.1917311961,121.448593742,31.192519216,121.450022927,31.1928977703
695,14:37:43,121.447041355,31.1917311961,121.448593742,31.192519216,121.450022927,31.1928977703
696,14:37:43,121.447041355,31.1917311961,121.448593742,31.192519216,121.450022927,31.1928977703
697,14:37:44,121.447041355,31.1917311961,121.448593742,31.192519216,121.450022927,31.1928977703
698,14:37:44,121.447041355,31.1917311961,121.448593742,31.192519216,121.450022927,31.1928977703
699,14:37:45,121.447041355,31.1917311961,121.448593742,31.192519216,121.450022927,31.1928977703
700,14:37:45,121.447041355,31.1917311961,121.448518898,31.1924493172,121.450022927,31.1928977703
701,14:37:46,121.447041355,31.1917311961,121.448518898,31.1924493172,121.450022927,31.1928977703
702,14:37:46,121.447041355,31.1917311961,121.448518898,31.1924493172,121.450022927,31.1928977703
703,14:37:47,121.447041355,31.1917311961,121.448518898,31.1924493172,121.450022927,31.1928977703
704,14:37:47,121.447041355,31.1917311961,121.448518898,31.1924493172,121.450022927,31.1928977703
705,14:37:48,121.447041355,31.1917311961,121.448518898,31.1924493172,121.450022927,31.1928977703
706,14:37:48,121.447041355,31.1917311961,121.448518898,31.1924493172,121.450022927,31.1928977703
707,14:37:49,121.447041355,31.1917311961,121.448518898,31.1924493172,121.450022927,31.1928977703
708,14:37:49,121.447041355,31.1917311961,121.448518898,31.1924493172,121.450022927,31.1928977703
709,14:37:50,121.447041355,31.1917311961,121.448518898,31.1924493172,121.450022927,31.1928977703
710,14:37:50,121.447041355,31.1917311961,121.448518898,31.1924493172,121.450022927,31.1928977703
711,14:37:51,121.447041355,31.1917311961,121.448518898,31.1924493172,121.450022927,31.1928977703
712,14:37:51,121.447041355,31.1917311961,121.448518898,31.1924493172,121.450022927,31.1928977703
713,14:37:52,121.447041355,31.1917311961,121.448518898,31.1924493172,121.450022927,31.1928977703
714,14:37:52,121.447041355,31.1917311961,121.448518898,31.1924493172,121.450022927,31.1928977703
715,14:37:53,121.447041355,31.1917311961,121.448518898,31.1924493172,121.450022927,31.1928977703
716,14:37:53,121.447041355,31.1917311961,121.448518898,31.1924493172,121.450022927,31.1928977703
717,14:37:53,121.447041355,31.1917311961,121.448518898,31.1924493172,121.450022927,31.1928977703
718,14:37:54,121.447041355,31.1917311961,121.448518898,31.1924493172,121.450022927,31.1928977703
719,14:37:54,121.447041355,31.1917311961,121.448518898,31.1924493172,121.450022927,31.1928977703
720,14:37:55,121.447343602,31.1916755793,121.448434077,31.1923977753,121.450022927,31.1928977703
721,14:37:55,121.447343602,31.1916755793,121.448434077,31.1923977753,121.450022927,31.1928977703
722,14:37:56,121.447343602,31.1916755793,121.448434077,31.1923977753,121.450022927,31.1928977703
723,14:37:56,121.447343602,31.1916755793,121.448434077,31.1923977753,121.450022927,31.1928977703
724,14:37:57,121.447343602,31.1916755793,121.448434077,31.1923977753,121.450022927,31.1928977703
725,14:37:57,121.447343602,31.1916755793,121.448434077,31.1923977753,121.450022927,31.1928977703
726,14:37:58,121.447343602,31.1916755793,121.448434077,31.1923977753,121.450022927,31.1928977703
727,14:37:58,121.447343602,31.1916755793,121.448434077,31.1923977753,121.450022927,31.1928977703
728,14:37:59,121.447343602,31.1916755793,121.448434077,31.1923977753,121.450022927,31.1928977703
729,14:37:59,121.447343602,31.1916755793,121.448434077,31.1923977753,121.450022927,31.1928977703
730,14:38:00,121.447343602,31.1916755793,121.448434077,31.1923977753,121.450022927,31.1928977703
731,14:38:00,121.447343602,31.1916755793,121.448434077,31.1923977753,121.450022927,31.1928977703
732,14:38:01,121.447343602,31.1916755793,121.448434077,31.1923977753,121.450022927,31.1928977703
733,14:38:01,121.447343602,31.1916755793,121.448434077,31.1923977753,121.450022927,31.1928977703
734,14:38:02,121.447343602,31.1916755793,121.448434077,31.1923977753,121.450022927,31.1928977703
735,14:38:02,121.447343602,31.1916755793,121.448434077,31.1923977753,121.450022927,31.1928977703
736,14:38:03,121.447343602,31.1916755793,121.448434077,31.1923977753,121.450022927,31.1928977703
737,14:38:03,121.447343602,31.1916755793,121.448434077,31.1923977753,121.450022927,31.1928977703
738,14:38:04,121.447343602,31.1916755793,121.448434077,31.1923977753,121.450022927,31.1928977703
739,14:38:04,121.447343602,31.1916755793,121.448434077,31.1923977753,121.450022927,31.1928977703
740,14:38:05,121.44686455,31.1916457259,121.44835584,31.1923312238,121.450022927,31.1928977703
741,14:38:05,121.44686455,31.1916457259,121.44835584,31.1923312238,121.450022927,31.1928977703
742,14:38:05,121.44686455,31.1916457259,121.44835584,31.1923312238,121.450022927,31.1928977703
743,14:38:06,121.44686455,31.1916457259,121.44835584,31.1923312238,121.450022927,31.1928977703
744,14:38:06,121.44686455,31.1916457259,121.44835584,31.1923312238,121.450022927,31.1928977703
745,14:38:07,121.44686455,31.1916457259,121.44835584,31.1923312238,121.450022927,31.1928977703
746,14:38:07,121.44686455,31.1916457259,121.44835584,31.1923312238,121.450022927,31.1928977703
747,14:38:08,121.44686455,31.1916457259,121.44835584,31.1923312238,121.450022927,31.1928977703
748,14:38:08,121.44686455,31.1916457259,121.44835584,31.1923312238,121.450022927,31.1928977703
749,14:38:09,121.44686455,31.1916457259,121.44835584,31.1923312238,121.450022927,31.1928977703
750,14:38:09,121.44686455,31.1916457259,121.44835584,31.1923312238,121.450022927,31.1928977703
751,14:38:10,121.44686455,31.1916457259,121.44835584,31.1923312238,121.450022927,31.1928977703
752,14:38:10,121.44686455,31.1916457259,121.44835584,31.1923312238,121.450022927,31.1928977703
753,14:38:11,121.44686455,31.1916457259,121.44835584,31.1923312238,121.450022927,31.1928977703
754,14:38:11,121.44686455,31.1916457259,121.44835584,31.1923312238,121.450022927,31.1928977703
755,14:38:12,121.44686455,31.1916457259,121.44835584,31.1923312238,121.450022927,31.1928977703
756,14:38:12,121.44686455,31.1916457259,121.44835584,31.1923312238,121.450022927,31.1928977703
757,14:38:13,121.44686455,31.1916457259,121.44835584,31.1923312238,121.450022927,31.1928977703
758,14:38:13,121.44686455,31.1916457259,121.44835584,31.1923312238,121.450022927,31.1928977703
759,14:38:14,121.44686455,31.1916457259,121.44835584,31.1923312238,121.450022927,31.1928977703
760,14:38:14,121.447041355,31.1917311961,121.448261038,31.1922530161,121.450022927,31.1928977703
761,14:38:15,121.447041355,31.1917311961,121.448261038,31.1922530161,121.450022927,31.1928977703
762,14:38:15,121.447041355,31.1917311961,121.448261038,31.1922530161,121.450022927,31.1928977703
763,14:38:16,121.447041355,31.1917311961,121.448261038,31.1922530161,121.450022927,31.1928977703
764,14:38:16,121.447041355,31.1917311961,121.448261038,31.1922530161,121.450022927,31.1928977703
765,14:38:16,121.447041355,31.1917311961,121.448261038,31.1922530161,121.450022927,31.1928977703
766,14:38:18,121.447041355,31.1917311961,121.448261038,31.1922530161,121.450022927,31.1928977703
767,14:38:18,121.447041355,31.1917311961,121.448261038,31.1922530161,121.450022927,31.1928977703
768,14:38:18,121.447041355,31.1917311961,121.448261038,31.1922530161,121.450022927,31.1928977703
769,14:38:47,121.447041355,31.1917311961,121.448261038,31.1922530161,121.450022927,31.1928977703
770,14:38:47,121.447041355,31.1917311961,121.448261038,31.1922530161,121.450022927,31.1928977703
771,14:38:48,121.447041355,31.1917311961,121.448261038,31.1922530161,121.450022927,31.1928977703
772,14:38:48,121.447041355,31.1917311961,121.448261038,31.1922530161,121.450022927,31.1928977703
773,14:38:49,121.447041355,31.1917311961,121.448261038,31.1922530161,121.450022927,31.1928977703
774,14:38:50,121.447041355,31.1917311961,121.448261038,31.1922530161,121.450022927,31.1928977703
775,14:38:50,121.447041355,31.1917311961,121.448261038,31.1922530161,121.450022927,31.1928977703
776,14:38:51,121.447041355,31.1917311961,121.448261038,31.1922530161,121.450022927,31.1928977703
777,14:38:51,121.447041355,31.1917311961,121.448261038,31.1922530161,121.450022927,31.1928977703
778,14:38:52,121.447041355,31.1917311961,121.448261038,31.1922530161,121.450022927,31.1928977703
779,14:38:52,121.447041355,31.1917311961,121.448261038,31.1922530161,121.450022927,31.1928977703
780,14:38:52,121.447041355,31.1917311961,121.447921745,31.1920068435,121.450022927,31.1928977703
781,14:38:53,121.447041355,31.1917311961,121.447921745,31.1920068435,121.450022927,31.1928977703
782,14:38:53,121.447041355,31.1917311961,121.447921745,31.1920068435,121.450022927,31.1928977703
783,14:38:54,121.447041355,31.1917311961,121.447921745,31.1920068435,121.450022927,31.1928977703
784,14:38:54,121.447041355,31.1917311961,121.447921745,31.1920068435,121.450022927,31.1928977703
785,14:38:55,121.447041355,31.1917311961,121.447921745,31.1920068435,121.450022927,31.1928977703
786,14:38:55,121.447041355,31.1917311961,121.447921745,31.1920068435,121.450022927,31.1928977703
787,14:38:56,121.447041355,31.1917311961,121.447921745,31.1920068435,121.450022927,31.1928977703
788,14:38:56,121.447041355,31.1917311961,121.447921745,31.1920068435,121.450022927,31.1928977703
789,14:38:57,121.447041355,31.1917311961,121.447921745,31.1920068435,121.450022927,31.1928977703
790,14:38:57,121.447041355,31.1917311961,121.447921745,31.1920068435,121.450022927,31.1928977703
791,14:38:58,121.447041355,31.1917311961,121.447921745,31.1920068435,121.450022927,31.1928977703
792,14:38:58,121.447041355,31.1917311961,121.447921745,31.1920068435,121.450022927,31.1928977703
793,14:38:59,121.447041355,31.1917311961,121.447921745,31.1920068435,121.450022927,31.1928977703
794,14:38:59,121.447041355,31.1917311961,121.447921745,31.1920068435,121.450022927,31.1928977703
795,14:39:00,121.447041355,31.1917311961,121.447921745,31.1920068435,121.450022927,31.1928977703
796,14:39:00,121.447041355,31.1917311961,121.447921745,31.1920068435,121.450022927,31.1928977703
797,14:39:01,121.447041355,31.1917311961,121.447921745,31.1920068435,121.450022927,31.1928977703
798,14:39:01,121.447041355,31.1917311961,121.447921745,31.1920068435,121.450022927,31.1928977703
799,14:39:02,121.447041355,31.1917311961,121.447921745,31.1920068435,121.450022927,31.1928977703
800,14:39:02,121.447343602,31.1916755793,121.447760487,31.1919854508,121.450022927,31.1928977703
801,14:39:03,121.447343602,31.1916755793,121.447760487,31.1919854508,121.450022927,31.1928977703
802,14:39:03,121.447343602,31.1916755793,121.447760487,31.1919854508,121.450022927,31.1928977703
803,14:39:04,121.447343602,31.1916755793,121.447760487,31.1919854508,121.450022927,31.1928977703
804,14:39:04,121.447343602,31.1916755793,121.447760487,31.1919854508,121.450022927,31.1928977703
805,14:39:05,121.447343602,31.1916755793,121.447760487,31.1919854508,121.450022927,31.1928977703
806,14:39:05,121.447343602,31.1916755793,121.447760487,31.1919854508,121.450022927,31.1928977703
807,14:39:06,121.447343602,31.1916755793,121.447760487,31.1919854508,121.450022927,31.1928977703
808,14:39:06,121.447343602,31.1916755793,121.447760487,31.1919854508,121.450022927,31.1928977703
809,14:39:06,121.447343602,31.1916755793,121.447760487,31.1919854508,121.450022927,31.1928977703
810,14:39:07,121.447343602,31.1916755793,121.447760487,31.1919854508,121.450022927,31.1928977703
811,14:39:07,121.447343602,31.1916755793,121.447760487,31.1919854508,121.450022927,31.1928977703
812,14:39:08,121.447343602,31.1916755793,121.447760487,31.1919854508,121.450022927,31.1928977703
813,14:39:08,121.447343602,31.1916755793,121.447760487,31.1919854508,121.450022927,31.1928977703
814,14:39:09,121.447343602,31.1916755793,121.447760487,31.1919854508,121.450022927,31.1928977703
815,14:39:09,121.447343602,31.1916755793,121.447760487,31.1919854508,121.450022927,31.1928977703
816,14:39:10,121.447343602,31.1916755793,121.447760487,31.1919854508,121.450022927,31.1928977703
817,14:39:10,121.447343602,31.1916755793,121.447760487,31.1919854508,121.450022927,31.1928977703
818,14:39:11,121.447343602,31.1916755793,121.447760487,31.1919854508,121.450022927,31.1928977703
819,14:39:11,121.447343602,31.1916755793,121.447760487,31.1919854508,121.450022927,31.1928977703
820,14:39:12,121.447343602,31.1916755793,121.447617387,31.1919356807,121.450022927,31.1928977703
821,14:39:12,121.447343602,31.1916755793,121.447617387,31.1919356807,121.450022927,31.1928977703
822,14:39:13,121.447343602,31.1916755793,121.447617387,31.1919356807,121.450022927,31.1928977703
823,14:39:13,121.447343602,31.1916755793,121.447617387,31.1919356807,121.450022927,31.1928977703
824,14:39:14,121.447343602,31.1916755793,121.447617387,31.1919356807,121.450022927,31.1928977703
825,14:39:14,121.447343602,31.1916755793,121.447617387,31.1919356807,121.450022927,31.1928977703
826,14:39:15,121.447343602,31.1916755793,121.447617387,31.1919356807,121.450022927,31.1928977703
827,14:39:15,121.447343602,31.1916755793,121.447617387,31.1919356807,121.450022927,31.1928977703
828,14:39:16,121.447343602,31.1916755793,121.447617387,31.1919356807,121.450022927,31.1928977703
829,14:39:16,121.447343602,31.1916755793,121.447617387,31.1919356807,121.450022927,31.1928977703
830,14:39:17,121.447343602,31.1916755793,121.447617387,31.1919356807,121.450022927,31.1928977703
831,14:39:17,121.447343602,31.1916755793,121.447617387,31.1919356807,121.450022927,31.1928977703
832,14:39:17,121.447343602,31.1916755793,121.447617387,31.1919356807,121.450022927,31.1928977703
833,14:39:18,121.447343602,31.1916755793,121.447617387,31.1919356807,121.450022927,31.1928977703
834,14:39:18,121.447343602,31.1916755793,121.447617387,31.1919356807,121.450022927,31.1928977703
835,14:39:19,121.447343602,31.1916755793,121.447617387,31.1919356807,121.450022927,31.1928977703
836,14:39:19,121.447343602,31.1916755793,121.447617387,31.1919356807,121.450022927,31.1928977703
837,14:39:20,121.447343602,31.1916755793,121.447617387,31.1919356807,121.450022927,31.1928977703
838,14:39:20,121.447343602,31.1916755793,121.447617387,31.1919356807,121.450022927,31.1928977703
839,14:39:21,121.447343602,31.1916755793,121.447617387,31.1919356807,121.450022927,31.1928977703
840,14:39:21,121.447041355,31.1917311961,121.447507619,31.1919225389,121.450022927,31.1928977703
841,14:39:22,121.447041355,31.1917311961,121.447507619,31.1919225389,121.450022927,31.1928977703
842,14:39:22,121.447041355,31.1917311961,121.447507619,31.1919225389,121.450022927,31.1928977703
843,14:39:23,121.447041355,31.1917311961,121.447507619,31.1919225389,121.450022927,31.1928977703
844,14:39:23,121.447041355,31.1917311961,121.447507619,31.1919225389,121.450022927,31.1928977703
845,14:39:24,121.447041355,31.1917311961,121.447507619,31.1919225389,121.450022927,31.1928977703
846,14:39:24,121.447041355,31.1917311961,121.447507619,31.1919225389,121.450022927,31.1928977703
847,14:39:25,121.447041355,31.1917311961,121.447507619,31.1919225389,121.450022927,31.1928977703
848,14:39:25,121.447041355,31.1917311961,121.447507619,31.1919225389,121.450022927,31.1928977703
849,14:39:26,121.447041355,31.1917311961,121.447507619,31.1919225389,121.450022927,31.1928977703
850,14:39:26,121.447041355,31.1917311961,121.447507619,31.1919225389,121.450022927,31.1928977703
851,14:39:27,121.447041355,31.1917311961,121.447507619,31.1919225389,121.450022927,31.1928977703
852,14:39:27,121.447041355,31.1917311961,121.447507619,31.1919225389,121.450022927,31.1928977703
853,14:39:28,121.447041355,31.1917311961,121.447507619,31.1919225389,121.450022927,31.1928977703
854,14:39:28,121.447041355,31.1917311961,121.447507619,31.1919225389,121.450022927,31.1928977703
855,14:39:29,121.447041355,31.1917311961,121.447507619,31.1919225389,121.450022927,31.1928977703
856,14:39:29,121.447041355,31.1917311961,121.447507619,31.1919225389,121.450022927,31.1928977703
857,14:39:29,121.447041355,31.1917311961,121.447507619,31.1919225389,121.450022927,31.1928977703
858,14:39:30,121.447041355,31.1917311961,121.447507619,31.1919225389,121.450022927,31.1928977703
859,14:39:30,121.447041355,31.1917311961,121.447507619,31.1919225389,121.450022927,31.1928977703
860,14:39:31,121.447041355,31.1917311961,121.447342966,31.191906152,121.450022927,31.1928977703
861,14:39:31,121.447041355,31.1917311961,121.447342966,31.191906152,121.450022927,31.1928977703
862,14:39:32,121.447041355,31.1917311961,121.447342966,31.191906152,121.450022927,31.1928977703
863,14:39:32,121.447041355,31.1917311961,121.447342966,31.191906152,121.450022927,31.1928977703
864,14:39:33,121.447041355,31.1917311961,121.447342966,31.191906152,121.450022927,31.1928977703
865,14:39:33,121.447041355,31.1917311961,121.447342966,31.191906152,121.450022927,31.1928977703
866,14:39:34,121.447041355,31.1917311961,121.447342966,31.191906152,121.450022927,31.1928977703
867,14:39:34,121.447041355,31.1917311961,121.447342966,31.191906152,121.450022927,31.1928977703
868,14:39:35,121.447041355,31.1917311961,121.447342966,31.191906152,121.450022927,31.1928977703
869,14:39:35,121.447041355,31.1917311961,121.447342966,31.191906152,121.450022927,31.1928977703
870,14:39:36,121.447041355,31.1917311961,121.447342966,31.191906152,121.450022927,31.1928977703
871,14:39:36,121.447041355,31.1917311961,121.447342966,31.191906152,121.450022927,31.1928977703
872,14:39:37,121.447041355,31.1917311961,121.447342966,31.191906152,121.450022927,31.1928977703
873,14:39:37,121.447041355,31.1917311961,121.447342966,31.191906152,121.450022927,31.1928977703
874,14:39:38,121.447041355,31.1917311961,121.447342966,31.191906152,121.450022927,31.1928977703
875,14:39:38,121.447041355,31.1917311961,121.447342966,31.191906152,121.450022927,31.1928977703
876,14:39:39,121.447041355,31.1917311961,121.447342966,31.191906152,121.450022927,31.1928977703
877,14:39:39,121.447041355,31.1917311961,121.447342966,31.191906152,121.450022927,31.1928977703
878,14:39:40,121.447041355,31.1917311961,121.447342966,31.191906152,121.450022927,31.1928977703
879,14:39:40,121.447041355,31.1917311961,121.447342966,31.191906152,121.450022927,31.1928977703
880,14:39:41,121.447343602,31.1916755793,121.447191689,31.1919547725,121.450022927,31.1928977703
881,14:39:41,121.447343602,31.1916755793,121.447191689,31.1919547725,121.450022927,31.1928977703
882,14:39:41,121.447343602,31.1916755793,121.447191689,31.1919547725,121.450022927,31.1928977703
883,14:39:42,121.447343602,31.1916755793,121.447191689,31.1919547725,121.450022927,31.1928977703
884,14:39:42,121.447343602,31.1916755793,121.447191689,31.1919547725,121.450022927,31.1928977703
885,14:39:43,121.447343602,31.1916755793,121.447191689,31.1919547725,121.450022927,31.1928977703
886,14:39:43,121.447343602,31.1916755793,121.447191689,31.1919547725,121.450022927,31.1928977703
887,14:39:44,121.447343602,31.1916755793,121.447191689,31.1919547725,121.450022927,31.1928977703
888,14:39:44,121.447343602,31.1916755793,121.447191689,31.1919547725,121.450022927,31.1928977703
889,14:39:45,121.447343602,31.1916755793,121.447191689,31.1919547725,121.450022927,31.1928977703
890,14:39:45,121.447343602,31.1916755793,121.447191689,31.1919547725,121.450022927,31.1928977703
891,14:39:46,121.447343602,31.1916755793,121.447191689,31.1919547725,121.450022927,31.1928977703
892,14:39:46,121.447343602,31.1916755793,121.447191689,31.1919547725,121.450022927,31.1928977703
893,14:39:47,121.447343602,31.1916755793,121.447191689,31.1919547725,121.450022927,31.1928977703
894,14:39:47,121.447343602,31.1916755793,121.447191689,31.1919547725,121.450022927,31.1928977703
895,14:39:48,121.447343602,31.1916755793,121.447191689,31.1919547725,121.450022927,31.1928977703
896,14:39:48,121.447343602,31.1916755793,121.447191689,31.1919547725,121.450022927,31.1928977703
897,14:39:49,121.447343602,31.1916755793,121.447191689,31.1919547725,121.450022927,31.1928977703
898,14:39:49,121.447343602,31.1916755793,121.447191689,31.1919547725,121.450022927,31.1928977703
899,14:39:50,121.447343602,31.1916755793,121.447191689,31.1919547725,121.450022927,31.1928977703
900,14:39:50,121.447343602,31.1916755793,121.447153374,31.1920048646,121.450022927,31.1928977703
901,14:39:51,121.447343602,31.1916755793,121.447153374,31.1920048646,121.450022927,31.1928977703
902,14:39:51,121.447343602,31.1916755793,121.447153374,31.1920048646,121.450022927,31.1928977703
903,14:39:52,121.447343602,31.1916755793,121.447153374,31.1920048646,121.450022927,31.1928977703
904,14:39:52,121.447343602,31.1916755793,121.447153374,31.1920048646,121.450022927,31.1928977703
905,14:39:53,121.447343602,31.1916755793,121.447153374,31.1920048646,121.450022927,31.1928977703
906,14:39:53,121.447343602,31.1916755793,121.447153374,31.1920048646,121.450022927,31.1928977703
907,14:39:53,121.447343602,31.1916755793,121.447153374,31.1920048646,121.450022927,31.1928977703
908,14:39:54,121.447343602,31.1916755793,121.447153374,31.1920048646,121.450022927,31.1928977703
909,14:39:54,121.447343602,31.1916755793,121.447153374,31.1920048646,121.450022927,31.1928977703
910,14:39:55,121.447343602,31.1916755793,121.447153374,31.1920048646,121.450022927,31.1928977703
911,14:39:55,121.447343602,31.1916755793,121.447153374,31.1920048646,121.450022927,31.1928977703
912,14:39:56,121.447343602,31.1916755793,121.447153374,31.1920048646,121.450022927,31.1928977703
913,14:39:56,121.447343602,31.1916755793,121.447153374,31.1920048646,121.450022927,31.1928977703
914,14:39:57,121.447343602,31.1916755793,121.447153374,31.1920048646,121.450022927,31.1928977703
915,14:39:57,121.447343602,31.1916755793,121.447153374,31.1920048646,121.450022927,31.1928977703
916,14:39:58,121.447343602,31.1916755793,121.447153374,31.1920048646,121.450022927,31.1928977703
917,14:39:58,121.447343602,31.1916755793,121.447153374,31.1920048646,121.450022927,31.1928977703
918,14:39:59,121.447343602,31.1916755793,121.447153374,31.1920048646,121.450022927,31.1928977703
919,14:39:59,121.447343602,31.1916755793,121.447153374,31.1920048646,121.450022927,31.1928977703
920,14:40:00,121.44686455,31.1916457259,121.447093506,31.192078346,121.450022927,31.1928977703
921,14:40:00,121.44686455,31.1916457259,121.447093506,31.192078346,121.450022927,31.1928977703
922,14:40:01,121.44686455,31.1916457259,121.447093506,31.192078346,121.450022927,31.1928977703
923,14:40:01,121.44686455,31.1916457259,121.447093506,31.192078346,121.450022927,31.1928977703
924,14:40:02,121.44686455,31.1916457259,121.447093506,31.192078346,121.450022927,31.1928977703
925,14:40:02,121.44686455,31.1916457259,121.447093506,31.192078346,121.450022927,31.1928977703
926,14:40:03,121.44686455,31.1916457259,121.447093506,31.192078346,121.450022927,31.1928977703
927,14:40:03,121.44686455,31.1916457259,121.447093506,31.192078346,121.450022927,31.1928977703
928,14:40:04,121.44686455,31.1916457259,121.447093506,31.192078346,121.450022927,31.1928977703
929,14:40:04,121.44686455,31.1916457259,121.447093506,31.192078346,121.450022927,31.1928977703
930,14:40:04,121.44686455,31.1916457259,121.447093506,31.192078346,121.450022927,31.1928977703
931,14:40:05,121.44686455,31.1916457259,121.447093506,31.192078346,121.450022927,31.1928977703
932,14:40:05,121.44686455,31.1916457259,121.447093506,31.192078346,121.450022927,31.1928977703
933,14:40:06,121.44686455,31.1916457259,121.447093506,31.192078346,121.450022927,31.1928977703
934,14:40:06,121.44686455,31.1916457259,121.447093506,31.192078346,121.450022927,31.1928977703
935,14:40:07,121.44686455,31.1916457259,121.447093506,31.192078346,121.450022927,31.1928977703
936,14:40:07,121.44686455,31.1916457259,121.447093506,31.192078346,121.450022927,31.1928977703
937,14:40:08,121.44686455,31.1916457259,121.447093506,31.192078346,121.450022927,31.1928977703
938,14:40:08,121.44686455,31.1916457259,121.447093506,31.192078346,121.450022927,31.1928977703
939,14:40:09,121.44686455,31.1916457259,121.447093506,31.192078346,121.450022927,31.1928977703
940,14:40:09,121.44686455,31.1916457259,121.446988733,31.19216023,121.450022927,31.1928977703
941,14:40:10,121.44686455,31.1916457259,121.446988733,31.19216023,121.450022927,31.1928977703
942,14:40:10,121.44686455,31.1916457259,121.446988733,31.19216023,121.450022927,31.1928977703
943,14:40:11,121.44686455,31.1916457259,121.446988733,31.19216023,121.450022927,31.1928977703
944,14:40:11,121.44686455,31.1916457259,121.446988733,31.19216023,121.450022927,31.1928977703
945,14:40:12,121.44686455,31.1916457259,121.446988733,31.19216023,121.450022927,31.1928977703
946,14:40:12,121.44686455,31.1916457259,121.446988733,31.19216023,121.450022927,31.1928977703
947,14:40:13,121.44686455,31.1916457259,121.446988733,31.19216023,121.450022927,31.1928977703
948,14:40:13,121.44686455,31.1916457259,121.446988733,31.19216023,121.450022927,31.1928977703
949,14:40:14,121.44686455,31.1916457259,121.446988733,31.19216023,121.450022927,31.1928977703
950,14:40:14,121.44686455,31.1916457259,121.446988733,31.19216023,121.450022927,31.1928977703
951,14:40:15,121.44686455,31.1916457259,121.446988733,31.19216023,121.450022927,31.1928977703
952,14:40:15,121.44686455,31.1916457259,121.446988733,31.19216023,121.450022927,31.1928977703
953,14:40:16,121.44686455,31.1916457259,121.446988733,31.19216023,121.450022927,31.1928977703
954,14:40:16,121.44686455,31.1916457259,121.446988733,31.19216023,121.450022927,31.1928977703
955,14:40:16,121.44686455,31.1916457259,121.446988733,31.19216023,121.450022927,31.1928977703
956,14:40:17,121.44686455,31.1916457259,121.446988733,31.19216023,121.450022927,31.1928977703
957,14:40:17,121.44686455,31.1916457259,121.446988733,31.19216023,121.450022927,31.1928977703
958,14:40:18,121.44686455,31.1916457259,121.446988733,31.19216023,121.450022927,31.1928977703
959,14:40:18,121.44686455,31.1916457259,121.446988733,31.19216023,121.450022927,31.1928977703
960,14:40:19,121.44686455,31.1916457259,121.446877374,31.1922538109,121.450022927,31.1928977703
961,14:40:19,121.44686455,31.1916457259,121.446877374,31.1922538109,121.450022927,31.1928977703
962,14:40:20,121.44686455,31.1916457259,121.446877374,31.1922538109,121.450022927,31.1928977703
963,14:40:20,121.44686455,31.1916457259,121.446877374,31.1922538109,121.450022927,31.1928977703
964,14:40:21,121.44686455,31.1916457259,121.446877374,31.1922538109,121.450022927,31.1928977703
965,14:40:21,121.44686455,31.1916457259,121.446877374,31.1922538109,121.450022927,31.1928977703
966,14:40:22,121.44686455,31.1916457259,121.446877374,31.1922538109,121.450022927,31.1928977703
967,14:40:22,121.44686455,31.1916457259,121.446877374,31.1922538109,121.450022927,31.1928977703
968,14:40:23,121.44686455,31.1916457259,121.446877374,31.1922538109,121.450022927,31.1928977703
969,14:40:23,121.44686455,31.1916457259,121.446877374,31.1922538109,121.450022927,31.1928977703
970,14:40:24,121.44686455,31.1916457259,121.446877374,31.1922538109,121.450022927,31.1928977703
971,14:40:24,121.44686455,31.1916457259,121.446877374,31.1922538109,121.450022927,31.1928977703
972,14:40:25,121.44686455,31.1916457259,121.446877374,31.1922538109,121.450022927,31.1928977703
973,14:40:25,121.44686455,31.1916457259,121.446877374,31.1922538109,121.450022927,31.1928977703
974,14:40:26,121.44686455,31.1916457259,121.446877374,31.1922538109,121.450022927,31.1928977703
975,14:40:26,121.44686455,31.1916457259,121.446877374,31.1922538109,121.450022927,31.1928977703
976,14:40:27,121.44686455,31.1916457259,121.446877374,31.1922538109,121.450022927,31.1928977703
977,14:40:27,121.44686455,31.1916457259,121.446877374,31.1922538109,121.450022927,31.1928977703
978,14:40:28,121.44686455,31.1916457259,121.446877374,31.1922538109,121.450022927,31.1928977703
979,14:40:28,121.44686455,31.1916457259,121.446877374,31.1922538109,121.450022927,31.1928977703
980,14:40:28,121.447729661,31.1918505211,121.446900633,31.1923454755,121.450022927,31.1928977703
981,14:40:29,121.447729661,31.1918505211,121.446900633,31.1923454755,121.450022927,31.1928977703
982,14:40:29,121.447729661,31.1918505211,121.446900633,31.1923454755,121.450022927,31.1928977703
983,14:40:30,121.447729661,31.1918505211,121.446900633,31.1923454755,121.450022927,31.1928977703
984,14:40:30,121.447729661,31.1918505211,121.446900633,31.1923454755,121.450022927,31.1928977703
985,14:40:31,121.447729661,31.1918505211,121.446900633,31.1923454755,121.450022927,31.1928977703
986,14:40:31,121.447729661,31.1918505211,121.446900633,31.1923454755,121.450022927,31.1928977703
987,14:40:32,121.447729661,31.1918505211,121.446900633,31.1923454755,121.450022927,31.1928977703
988,14:40:32,121.447729661,31.1918505211,121.446900633,31.1923454755,121.450022927,31.1928977703
989,14:40:33,121.447729661,31.1918505211,121.446900633,31.1923454755,121.450022927,31.1928977703
990,14:40:33,121.447729661,31.1918505211,121.446900633,31.1923454755,121.450022927,31.1928977703
991,14:40:34,121.447729661,31.1918505211,121.446900633,31.1923454755,121.450022927,31.1928977703
992,14:40:34,121.447729661,31.1918505211,121.446900633,31.1923454755,121.450022927,31.1928977703
993,14:40:35,121.447729661,31.1918505211,121.446900633,31.1923454755,121.450022927,31.1928977703
994,14:40:35,121.447729661,31.1918505211,121.446900633,31.1923454755,121.450022927,31.1928977703
995,14:40:36,121.447729661,31.1918505211,121.446900633,31.1923454755,121.450022927,31.1928977703
996,14:40:36,121.447729661,31.1918505211,121.446900633,31.1923454755,121.450022927,31.1928977703
997,14:40:37,121.447729661,31.1918505211,121.446900633,31.1923454755,121.450022927,31.1928977703
998,14:40:37,121.447729661,31.1918505211,121.446900633,31.1923454755,121.450022927,31.1928977703
999,14:40:38,121.447729661,31.1918505211,121.446900633,31.1923454755,121.450022927,31.1928977703
1000,14:40:38,121.447343602,31.1916755793,121.446845755,31.1924322841,121.450022927,31.1928977703
1001,14:40:39,121.447343602,31.1916755793,121.446845755,31.1924322841,121.450022927,31.1928977703
1002,14:40:39,121.447343602,31.1916755793,121.446845755,31.1924322841,121.450022927,31.1928977703
1003,14:40:40,121.447343602,31.1916755793,121.446845755,31.1924322841,121.450022927,31.1928977703
1004,14:40:40,121.447343602,31.1916755793,121.446845755,31.1924322841,121.450022927,31.1928977703
1005,14:40:41,121.447343602,31.1916755793,121.446845755,31.1924322841,121.450022927,31.1928977703
1006,14:40:41,121.447343602,31.1916755793,121.446845755,31.1924322841,121.450022927,31.1928977703
1007,14:40:41,121.447343602,31.1916755793,121.446845755,31.1924322841,121.450022927,31.1928977703
1008,14:40:42,121.447343602,31.1916755793,121.446845755,31.1924322841,121.450022927,31.1928977703
1009,14:40:42,121.447343602,31.1916755793,121.446845755,31.1924322841,121.450022927,31.1928977703
1010,14:40:43,121.447343602,31.1916755793,121.446845755,31.1924322841,121.450022927,31.1928977703
1011,14:40:43,121.447343602,31.1916755793,121.446845755,31.1924322841,121.450022927,31.1928977703
1012,14:40:44,121.447343602,31.1916755793,121.446845755,31.1924322841,121.450022927,31.1928977703
1013,14:40:44,121.447343602,31.1916755793,121.446845755,31.1924322841,121.450022927,31.1928977703
1014,14:40:45,121.447343602,31.1916755793,121.446845755,31.1924322841,121.450022927,31.1928977703
1015,14:40:45,121.447343602,31.1916755793,121.446845755,31.1924322841,121.450022927,31.1928977703
1016,14:40:46,121.447343602,31.1916755793,121.446845755,31.1924322841,121.450022927,31.1928977703
1017,14:40:46,121.447343602,31.1916755793,121.446845755,31.1924322841,121.450022927,31.1928977703
1018,14:40:47,121.447343602,31.1916755793,121.446845755,31.1924322841,121.450022927,31.1928977703
1019,14:40:47,121.447343602,31.1916755793,121.446845755,31.1924322841,121.450022927,31.1928977703
1020,14:40:48,121.447343602,31.1916755793,121.446797563,31.1925174101,121.450022927,31.1928977703
1021,14:40:48,121.447343602,31.1916755793,121.446797563,31.1925174101,121.450022927,31.1928977703
1022,14:40:50,121.447343602,31.1916755793,121.446797563,31.1925174101,121.450022927,31.1928977703
1023,14:40:50,121.447343602,31.1916755793,121.446797563,31.1925174101,121.450022927,31.1928977703
1024,14:40:51,121.447343602,31.1916755793,121.446797563,31.1925174101,121.450022927,31.1928977703
1025,14:40:51,121.447343602,31.1916755793,121.446797563,31.1925174101,121.450022927,31.1928977703
1026,14:40:52,121.447343602,31.1916755793,121.446797563,31.1925174101,121.450022927,31.1928977703
1027,14:40:52,121.447343602,31.1916755793,121.446797563,31.1925174101,121.450022927,31.1928977703
1028,14:40:53,121.447343602,31.1916755793,121.446797563,31.1925174101,121.450022927,31.1928977703
1029,14:40:53,121.447343602,31.1916755793,121.446797563,31.1925174101,121.450022927,31.1928977703
1030,14:40:54,121.447343602,31.1916755793,121.446797563,31.1925174101,121.450022927,31.1928977703
1031,14:40:54,121.447343602,31.1916755793,121.446797563,31.1925174101,121.450022927,31.1928977703
1032,14:40:55,121.447343602,31.1916755793,121.446797563,31.1925174101,121.450022927,31.1928977703
1033,14:40:55,121.447343602,31.1916755793,121.446797563,31.1925174101,121.450022927,31.1928977703
1034,14:40:56,121.447343602,31.1916755793,121.446797563,31.1925174101,121.450022927,31.1928977703
1035,14:40:56,121.447343602,31.1916755793,121.446797563,31.1925174101,121.450022927,31.1928977703
1036,14:40:58,121.447343602,31.1916755793,121.446797563,31.1925174101,121.450022927,31.1928977703
1037,14:40:59,121.447343602,31.1916755793,121.446797563,31.1925174101,121.450022927,31.1928977703
1038,14:40:59,121.447343602,31.1916755793,121.446797563,31.1925174101,121.450022927,31.1928977703
1039,14:41:00,121.447343602,31.1916755793,121.446797563,31.1925174101,121.450022927,31.1928977703
1040,14:41:00,121.447772797,31.1906385753,121.446716043,31.1926376114,121.447718851,31.1916973827
1041,14:41:01,121.447772797,31.1906385753,121.446716043,31.1926376114,121.447718851,31.1916973827
1042,14:41:01,121.447772797,31.1906385753,121.446716043,31.1926376114,121.447718851,31.1916973827
1043,14:41:02,121.447772797,31.1906385753,121.446716043,31.1926376114,121.447718851,31.1916973827
1044,14:41:02,121.447772797,31.1906385753,121.446716043,31.1926376114,121.447718851,31.1916973827
1045,14:41:03,121.447772797,31.1906385753,121.446716043,31.1926376114,121.447718851,31.1916973827
1046,14:41:03,121.447772797,31.1906385753,121.446716043,31.1926376114,121.447718851,31.1916973827
1047,14:41:04,121.447772797,31.1906385753,121.446716043,31.1926376114,121.447718851,31.1916973827
1048,14:41:04,121.447772797,31.1906385753,121.446716043,31.1926376114,121.447718851,31.1916973827
1049,14:41:05,121.447772797,31.1906385753,121.446716043,31.1926376114,121.447718851,31.1916973827
1050,14:41:05,121.447772797,31.1906385753,121.446716043,31.1926376114,121.447718851,31.1916973827
1051,14:41:06,121.447772797,31.1906385753,121.446716043,31.1926376114,121.447718851,31.1916973827
1052,14:41:06,121.447772797,31.1906385753,121.446716043,31.1926376114,121.447718851,31.1916973827
1053,14:41:06,121.447772797,31.1906385753,121.446716043,31.1926376114,121.447718851,31.1916973827
1054,14:41:07,121.447772797,31.1906385753,121.446716043,31.1926376114,121.447718851,31.1916973827
1055,14:41:07,121.447772797,31.1906385753,121.446716043,31.1926376114,121.447718851,31.1916973827
1056,14:41:08,121.447772797,31.1906385753,121.446716043,31.1926376114,121.447718851,31.1916973827
1057,14:41:08,121.447772797,31.1906385753,121.446716043,31.1926376114,121.447718851,31.1916973827
1058,14:41:09,121.447772797,31.1906385753,121.446716043,31.1926376114,121.447718851,31.1916973827
1059,14:41:09,121.447772797,31.1906385753,121.446716043,31.1926376114,121.447718851,31.1916973827
1060,14:41:10,121.448235337,31.1897568988,121.44666785,31.1927110614,121.447718851,31.1916973827
1061,14:41:11,121.448235337,31.1897568988,121.44666785,31.1927110614,121.447718851,31.1916973827
1062,14:41:12,121.448235337,31.1897568988,121.44666785,31.1927110614,121.447718851,31.1916973827
1063,14:41:12,121.448235337,31.1897568988,121.44666785,31.1927110614,121.447718851,31.1916973827
1064,14:41:13,121.448235337,31.1897568988,121.44666785,31.1927110614,121.447718851,31.1916973827
1065,14:41:13,121.448235337,31.1897568988,121.44666785,31.1927110614,121.447718851,31.1916973827
1066,14:41:14,121.448235337,31.1897568988,121.44666785,31.1927110614,121.447718851,31.1916973827
1067,14:41:14,121.448235337,31.1897568988,121.44666785,31.1927110614,121.447718851,31.1916973827
1068,14:41:15,121.448235337,31.1897568988,121.44666785,31.1927110614,121.447718851,31.1916973827
1069,14:41:15,121.448235337,31.1897568988,121.44666785,31.1927110614,121.447718851,31.1916973827
1070,14:41:15,121.448235337,31.1897568988,121.44666785,31.1927110614,121.447718851,31.1916973827
1071,14:41:16,121.448235337,31.1897568988,121.44666785,31.1927110614,121.447718851,31.1916973827
1072,14:41:16,121.448235337,31.1897568988,121.44666785,31.1927110614,121.447718851,31.1916973827
1073,14:41:17,121.448235337,31.1897568988,121.44666785,31.1927110614,121.447718851,31.1916973827
1074,14:41:17,121.448235337,31.1897568988,121.44666785,31.1927110614,121.447718851,31.1916973827
1075,14:41:18,121.448235337,31.1897568988,121.44666785,31.1927110614,121.447718851,31.1916973827
1076,14:41:18,121.448235337,31.1897568988,121.44666785,31.1927110614,121.447718851,31.1916973827
1077,14:41:19,121.448235337,31.1897568988,121.44666785,31.1927110614,121.447718851,31.1916973827
1078,14:41:19,121.448235337,31.1897568988,121.44666785,31.1927110614,121.447718851,31.1916973827
1079,14:41:20,121.448235337,31.1897568988,121.44666785,31.1927110614,121.447718851,31.1916973827
1080,14:41:20,121.446812237,31.1924903156,121.446609581,31.1928262193,0,0
1081,14:41:21,121.446812237,31.1924903156,121.446609581,31.1928262193,0,0
1082,14:41:21,121.446812237,31.1924903156,121.446609581,31.1928262193,0,0
1083,14:41:22,121.446812237,31.1924903156,121.446609581,31.1928262193,0,0
1084,14:41:22,121.446812237,31.1924903156,121.446609581,31.1928262193,0,0
1085,14:41:23,121.446812237,31.1924903156,121.446609581,31.1928262193,0,0
1086,14:41:23,121.446812237,31.1924903156,121.446609581,31.1928262193,0,0
1087,14:41:24,121.446812237,31.1924903156,121.446609581,31.1928262193,0,0
1088,14:41:24,121.446812237,31.1924903156,121.446609581,31.1928262193,0,0
1089,14:41:25,121.446812237,31.1924903156,121.446609581,31.1928262193,0,0
1090,14:41:25,121.446812237,31.1924903156,121.446609581,31.1928262193,0,0
1091,14:41:26,121.446812237,31.1924903156,121.446609581,31.1928262193,0,0
1092,14:41:26,121.446812237,31.1924903156,121.446609581,31.1928262193,0,0
1093,14:41:27,121.446812237,31.1924903156,121.446609581,31.1928262193,0,0
1094,14:41:27,121.446812237,31.1924903156,121.446609581,31.1928262193,0,0
1095,14:41:28,121.446812237,31.1924903156,121.446609581,31.1928262193,0,0
1096,14:41:29,121.446812237,31.1924903156,121.446609581,31.1928262193,0,0
1097,14:41:29,121.446812237,31.1924903156,121.446609581,31.1928262193,0,0
1098,14:41:29,121.446812237,31.1924903156,121.446609581,31.1928262193,0,0
1099,14:41:30,121.446812237,31.1924903156,121.446609581,31.1928262193,0,0
1100,14:41:30,121.446812237,31.1924903156,121.446569671,31.1929046672,0,0
1101,14:41:31,121.446812237,31.1924903156,121.446569671,31.1929046672,0,0
1102,14:41:31,121.446812237,31.1924903156,121.446569671,31.1929046672,0,0
1103,14:41:32,121.446812237,31.1924903156,121.446569671,31.1929046672,0,0
1104,14:41:33,121.446812237,31.1924903156,121.446569671,31.1929046672,0,0
1105,14:41:33,121.446812237,31.1924903156,121.446569671,31.1929046672,0,0
1106,14:41:34,121.446812237,31.1924903156,121.446569671,31.1929046672,0,0
1107,14:41:34,121.446812237,31.1924903156,121.446569671,31.1929046672,0,0
1108,14:41:35,121.446812237,31.1924903156,121.446569671,31.1929046672,0,0
1109,14:41:35,121.446812237,31.1924903156,121.446569671,31.1929046672,0,0
1110,14:41:36,121.446812237,31.1924903156,121.446569671,31.1929046672,0,0
1111,14:41:36,121.446812237,31.1924903156,121.446569671,31.1929046672,0,0
1112,14:41:37,121.446812237,31.1924903156,121.446569671,31.1929046672,0,0
1113,14:41:37,121.446812237,31.1924903156,121.446569671,31.1929046672,0,0
1114,14:41:38,121.446812237,31.1924903156,121.446569671,31.1929046672,0,0
1115,14:41:38,121.446812237,31.1924903156,121.446569671,31.1929046672,0,0
1116,14:41:39,121.446812237,31.1924903156,121.446569671,31.1929046672,0,0
1117,14:41:39,121.446812237,31.1924903156,121.446569671,31.1929046672,0,0
1118,14:41:40,121.446812237,31.1924903156,121.446569671,31.1929046672,0,0
1119,14:41:41,121.446812237,31.1924903156,121.446569671,31.1929046672,0,0
1120,14:41:41,121.446812237,31.1924903156,121.44652148,31.1930181367,0,0
1121,14:41:41,121.446812237,31.1924903156,121.44652148,31.1930181367,0,0
1122,14:41:42,121.446812237,31.1924903156,121.44652148,31.1930181367,0,0
1123,14:41:42,121.446812237,31.1924903156,121.44652148,31.1930181367,0,0
1124,14:41:43,121.446812237,31.1924903156,121.44652148,31.1930181367,0,0
1125,14:41:43,121.446812237,31.1924903156,121.44652148,31.1930181367,0,0
1126,14:41:44,121.446812237,31.1924903156,121.44652148,31.1930181367,0,0
1127,14:41:44,121.446812237,31.1924903156,121.44652148,31.1930181367,0,0
1128,14:41:45,121.446812237,31.1924903156,121.44652148,31.1930181367,0,0
1129,14:41:45,121.446812237,31.1924903156,121.44652148,31.1930181367,0,0
1130,14:41:46,121.446812237,31.1924903156,121.44652148,31.1930181367,0,0
1131,14:41:46,121.446812237,31.1924903156,121.44652148,31.1930181367,0,0
1132,14:41:47,121.446812237,31.1924903156,121.44652148,31.1930181367,0,0
1133,14:41:47,121.446812237,31.1924903156,121.44652148,31.1930181367,0,0
1134,14:41:48,121.446812237,31.1924903156,121.44652148,31.1930181367,0,0
1135,14:41:48,121.446812237,31.1924903156,121.44652148,31.1930181367,0,0
1136,14:41:49,121.446812237,31.1924903156,121.44652148,31.1930181367,0,0
1137,14:41:49,121.446812237,31.1924903156,121.44652148,31.1930181367,0,0
1138,14:41:50,121.446812237,31.1924903156,121.44652148,31.1930181367,0,0
1139,14:41:51,121.446812237,31.1924903156,121.44652148,31.1930181367,0,0
1140,14:41:51,121.446446255,31.1929448558,121.446518198,31.193143204,0,0
1141,14:41:51,121.446446255,31.1929448558,121.446518198,31.193143204,0,0
1142,14:41:54,121.446446255,31.1929448558,121.446518198,31.193143204,0,0
1143,14:41:55,121.446446255,31.1929448558,121.446518198,31.193143204,0,0
1144,14:41:55,121.446446255,31.1929448558,121.446518198,31.193143204,0,0
1145,14:42:20,121.446446255,31.1929448558,121.446518198,31.193143204,0,0
1146,14:42:21,121.446446255,31.1929448558,121.446518198,31.193143204,0,0
1147,14:42:21,121.446446255,31.1929448558,121.446518198,31.193143204,0,0
1148,14:42:22,121.446446255,31.1929448558,121.446518198,31.193143204,0,0
1149,14:42:22,121.446446255,31.1929448558,121.446518198,31.193143204,0,0
1150,14:42:23,121.446446255,31.1929448558,121.446518198,31.193143204,0,0
1151,14:42:23,121.446446255,31.1929448558,121.446518198,31.193143204,0,0
1152,14:42:24,121.446446255,31.1929448558,121.446518198,31.193143204,0,0
1153,14:42:24,121.446446255,31.1929448558,121.446518198,31.193143204,0,0
1154,14:42:25,121.446446255,31.1929448558,121.446518198,31.193143204,0,0
1155,14:42:25,121.446446255,31.1929448558,121.446518198,31.193143204,0,0
1156,14:42:26,121.446446255,31.1929448558,121.446518198,31.193143204,0,0
1157,14:42:26,121.446446255,31.1929448558,121.446518198,31.193143204,0,0
1158,14:42:27,121.446446255,31.1929448558,121.446518198,31.193143204,0,0
1159,14:42:27,121.446446255,31.1929448558,121.446518198,31.193143204,0,0
1160,14:42:28,121.446220764,31.1938247195,121.44638351,31.1935236242,0,0
1161,14:42:28,121.446220764,31.1938247195,121.44638351,31.1935236242,0,0
1162,14:42:29,121.446220764,31.1938247195,121.44638351,31.1935236242,0,0
1163,14:42:29,121.446220764,31.1938247195,121.44638351,31.1935236242,0,0
1164,14:42:30,121.446220764,31.1938247195,121.44638351,31.1935236242,0,0
1165,14:42:30,121.446220764,31.1938247195,121.44638351,31.1935236242,0,0
1166,14:42:31,121.446220764,31.1938247195,121.44638351,31.1935236242,0,0
1167,14:42:31,121.446220764,31.1938247195,121.44638351,31.1935236242,0,0
1168,14:42:32,121.446220764,31.1938247195,121.44638351,31.1935236242,0,0
1169,14:42:32,121.446220764,31.1938247195,121.44638351,31.1935236242,0,0
1170,14:42:33,121.446220764,31.1938247195,121.44638351,31.1935236242,0,0
1171,14:42:33,121.446220764,31.1938247195,121.44638351,31.1935236242,0,0
1172,14:42:33,121.446220764,31.1938247195,121.44638351,31.1935236242,0,0
1173,14:42:34,121.446220764,31.1938247195,121.44638351,31.1935236242,0,0
1174,14:42:34,121.446220764,31.1938247195,121.44638351,31.1935236242,0,0
1175,14:42:35,121.446220764,31.1938247195,121.44638351,31.1935236242,0,0
1176,14:42:35,121.446220764,31.1938247195,121.44638351,31.1935236242,0,0
1177,14:42:36,121.446220764,31.1938247195,121.44638351,31.1935236242,0,0
1178,14:42:36,121.446220764,31.1938247195,121.44638351,31.1935236242,0,0
1179,14:42:37,121.446220764,31.1938247195,121.44638351,31.1935236242,0,0
1180,14:42:37,121.446220764,31.1938247195,121.446345199,31.1936404178,0,0
1181,14:42:38,121.446220764,31.1938247195,121.446345199,31.1936404178,0,0
1182,14:42:38,121.446220764,31.1938247195,121.446345199,31.1936404178,0,0
1183,14:42:39,121.446220764,31.1938247195,121.446345199,31.1936404178,0,0
1184,14:42:39,121.446220764,31.1938247195,121.446345199,31.1936404178,0,0
1185,14:42:40,121.446220764,31.1938247195,121.446345199,31.1936404178,0,0
1186,14:42:40,121.446220764,31.1938247195,121.446345199,31.1936404178,0,0
1187,14:42:41,121.446220764,31.1938247195,121.446345199,31.1936404178,0,0
1188,14:42:41,121.446220764,31.1938247195,121.446345199,31.1936404178,0,0
1189,14:42:42,121.446220764,31.1938247195,121.446345199,31.1936404178,0,0
1190,14:42:42,121.446220764,31.1938247195,121.446345199,31.1936404178,0,0
1191,14:42:43,121.446220764,31.1938247195,121.446345199,31.1936404178,0,0
1192,14:42:43,121.446220764,31.1938247195,121.446345199,31.1936404178,0,0
1193,14:42:44,121.446220764,31.1938247195,121.446345199,31.1936404178,0,0
1194,14:42:44,121.446220764,31.1938247195,121.446345199,31.1936404178,0,0
1195,14:42:45,121.446220764,31.1938247195,121.446345199,31.1936404178,0,0
1196,14:42:45,121.446220764,31.1938247195,121.446345199,31.1936404178,0,0
1197,14:42:45,121.446220764,31.1938247195,121.446345199,31.1936404178,0,0
1198,14:42:46,121.446220764,31.1938247195,121.446345199,31.1936404178,0,0
1199,14:42:46,121.446220764,31.1938247195,121.446345199,31.1936404178,0,0
1200,14:42:47,121.446220764,31.1938247195,121.446285332,31.1937505752,0,0
1201,14:42:47,121.446220764,31.1938247195,121.446285332,31.1937505752,0,0
1202,14:42:48,121.446220764,31.1938247195,121.446285332,31.1937505752,0,0
1203,14:42:48,121.446220764,31.1938247195,121.446285332,31.1937505752,0,0
1204,14:42:49,121.446220764,31.1938247195,121.446285332,31.1937505752,0,0
1205,14:42:49,121.446220764,31.1938247195,121.446285332,31.1937505752,0,0
1206,14:42:50,121.446220764,31.1938247195,121.446285332,31.1937505752,0,0
1207,14:42:50,121.446220764,31.1938247195,121.446285332,31.1937505752,0,0
1208,14:42:51,121.446220764,31.1938247195,121.446285332,31.1937505752,0,0
1209,14:42:51,121.446220764,31.1938247195,121.446285332,31.1937505752,0,0
1210,14:42:52,121.446220764,31.1938247195,121.446285332,31.1937505752,0,0
1211,14:42:52,121.446220764,31.1938247195,121.446285332,31.1937505752,0,0
1212,14:42:53,121.446220764,31.1938247195,121.446285332,31.1937505752,0,0
1213,14:42:53,121.446220764,31.1938247195,121.446285332,31.1937505752,0,0
1214,14:42:54,121.446220764,31.1938247195,121.446285332,31.1937505752,0,0
1215,14:42:54,121.446220764,31.1938247195,121.446285332,31.1937505752,0,0
1216,14:42:55,121.446220764,31.1938247195,121.446285332,31.1937505752,0,0
1217,14:42:55,121.446220764,31.1938247195,121.446285332,31.1937505752,0,0
1218,14:42:56,121.446220764,31.1938247195,121.446285332,31.1937505752,0,0
1219,14:42:56,121.446220764,31.1938247195,121.446285332,31.1937505752,0,0
1220,14:42:57,121.446220764,31.1938247195,121.446220474,31.193842392,0,0
1221,14:42:57,121.446220764,31.1938247195,121.446220474,31.193842392,0,0
1222,14:42:58,121.446220764,31.1938247195,121.446220474,31.193842392,0,0
1223,14:42:58,121.446220764,31.1938247195,121.446220474,31.193842392,0,0
1224,14:42:58,121.446220764,31.1938247195,121.446220474,31.193842392,0,0
1225,14:42:59,121.446220764,31.1938247195,121.446220474,31.193842392,0,0
1226,14:42:59,121.446220764,31.1938247195,121.446220474,31.193842392,0,0
1227,14:43:00,121.446220764,31.1938247195,121.446220474,31.193842392,0,0
1228,14:43:00,121.446220764,31.1938247195,121.446220474,31.193842392,0,0
1229,14:43:01,121.446220764,31.1938247195,121.446220474,31.193842392,0,0
1230,14:43:01,121.446220764,31.1938247195,121.446220474,31.193842392,0,0
1231,14:43:02,121.446220764,31.1938247195,121.446220474,31.193842392,0,0
1232,14:43:02,121.446220764,31.1938247195,121.446220474,31.193842392,0,0
1233,14:43:03,121.446220764,31.1938247195,121.446220474,31.193842392,0,0
1234,14:43:03,121.446220764,31.1938247195,121.446220474,31.193842392,0,0
1235,14:43:04,121.446220764,31.1938247195,121.446220474,31.193842392,0,0
1236,14:43:04,121.446220764,31.1938247195,121.446220474,31.193842392,0,0
1237,14:43:05,121.446220764,31.1938247195,121.446220474,31.193842392,0,0
1238,14:43:05,121.446220764,31.1938247195,121.446220474,31.193842392,0,0
1239,14:43:06,121.446220764,31.1938247195,121.446220474,31.193842392,0,0
1240,14:43:06,121.446220764,31.1938247195,121.446173978,31.1939425212,0,0
1241,14:43:07,121.446220764,31.1938247195,121.446173978,31.1939425212,0,0
1242,14:43:07,121.446220764,31.1938247195,121.446173978,31.1939425212,0,0
1243,14:43:08,121.446220764,31.1938247195,121.446173978,31.1939425212,0,0
1244,14:43:08,121.446220764,31.1938247195,121.446173978,31.1939425212,0,0
1245,14:43:09,121.446220764,31.1938247195,121.446173978,31.1939425212,0,0
1246,14:43:09,121.446220764,31.1938247195,121.446173978,31.1939425212,0,0
1247,14:43:09,121.446220764,31.1938247195,121.446173978,31.1939425212,0,0
1248,14:43:10,121.446220764,31.1938247195,121.446173978,31.1939425212,0,0
1249,14:43:10,121.446220764,31.1938247195,121.446173978,31.1939425212,0,0
1250,14:43:11,121.446220764,31.1938247195,121.446173978,31.1939425212,0,0
1251,14:43:11,121.446220764,31.1938247195,121.446173978,31.1939425212,0,0
1252,14:43:12,121.446220764,31.1938247195,121.446173978,31.1939425212,0,0
1253,14:43:12,121.446220764,31.1938247195,121.446173978,31.1939425212,0,0
1254,14:43:13,121.446220764,31.1938247195,121.446173978,31.1939425212,0,0
1255,14:43:13,121.446220764,31.1938247195,121.446173978,31.1939425212,0,0
1256,14:43:14,121.446220764,31.1938247195,121.446173978,31.1939425212,0,0
1257,14:43:14,121.446220764,31.1938247195,121.446173978,31.1939425212,0,0
1258,14:43:15,121.446220764,31.1938247195,121.446173978,31.1939425212,0,0
1259,14:43:15,121.446220764,31.1938247195,121.446173978,31.1939425212,0,0
1260,14:43:16,121.446220764,31.1938247195,121.446130677,31.1940576522,0,0
1261,14:43:16,121.446220764,31.1938247195,121.446130677,31.1940576522,0,0
1262,14:43:17,121.446220764,31.1938247195,121.446130677,31.1940576522,0,0
1263,14:43:17,121.446220764,31.1938247195,121.446130677,31.1940576522,0,0
1264,14:43:18,121.446220764,31.1938247195,121.446130677,31.1940576522,0,0
1265,14:43:18,121.446220764,31.1938247195,121.446130677,31.1940576522,0,0
1266,14:43:19,121.446220764,31.1938247195,121.446130677,31.1940576522,0,0
1267,14:43:19,121.446220764,31.1938247195,121.446130677,31.1940576522,0,0
1268,14:43:20,121.446220764,31.1938247195,121.446130677,31.1940576522,0,0
1269,14:43:20,121.446220764,31.1938247195,121.446130677,31.1940576522,0,0
1270,14:43:21,121.446220764,31.1938247195,121.446130677,31.1940576522,0,0
1271,14:43:21,121.446220764,31.1938247195,121.446130677,31.1940576522,0,0
1272,14:43:21,121.446220764,31.1938247195,121.446130677,31.1940576522,0,0
1273,14:43:22,121.446220764,31.1938247195,121.446130677,31.1940576522,0,0
1274,14:43:22,121.446220764,31.1938247195,121.446130677,31.1940576522,0,0
1275,14:43:23,121.446220764,31.1938247195,121.446130677,31.1940576522,0,0
1276,14:43:23,121.446220764,31.1938247195,121.446130677,31.1940576522,0,0
1277,14:43:24,121.446220764,31.1938247195,121.446130677,31.1940576522,0,0
1278,14:43:24,121.446220764,31.1938247195,121.446130677,31.1940576522,0,0
1279,14:43:25,121.446220764,31.1938247195,121.446130677,31.1940576522,0,0
1280,14:43:25,121.446093966,31.1941137037,121.446049253,31.1941628436,0,0
1281,14:43:26,121.446093966,31.1941137037,121.446049253,31.1941628436,0,0
1282,14:43:26,121.446093966,31.1941137037,121.446049253,31.1941628436,0,0
1283,14:43:27,121.446093966,31.1941137037,121.446049253,31.1941628436,0,0
1284,14:43:27,121.446093966,31.1941137037,121.446049253,31.1941628436,0,0
1285,14:43:28,121.446093966,31.1941137037,121.446049253,31.1941628436,0,0
1286,14:43:28,121.446093966,31.1941137037,121.446049253,31.1941628436,0,0
1287,14:43:29,121.446093966,31.1941137037,121.446049253,31.1941628436,0,0
1288,14:43:29,121.446093966,31.1941137037,121.446049253,31.1941628436,0,0
1289,14:43:30,121.446093966,31.1941137037,121.446049253,31.1941628436,0,0
1290,14:43:30,121.446093966,31.1941137037,121.446049253,31.1941628436,0,0
1291,14:43:31,121.446093966,31.1941137037,121.446049253,31.1941628436,0,0
1292,14:43:31,121.446093966,31.1941137037,121.446049253,31.1941628436,0,0
1293,14:43:32,121.446093966,31.1941137037,121.446049253,31.1941628436,0,0
1294,14:43:32,121.446093966,31.1941137037,121.446049253,31.1941628436,0,0
1295,14:43:33,121.446093966,31.1941137037,121.446049253,31.1941628436,0,0
1296,14:43:33,121.446093966,31.1941137037,121.446049253,31.1941628436,0,0
1297,14:43:33,121.446093966,31.1941137037,121.446049253,31.1941628436,0,0
1298,14:43:34,121.446093966,31.1941137037,121.446049253,31.1941628436,0,0
1299,14:43:34,121.446093966,31.1941137037,121.446049253,31.1941628436,0,0
1300,14:43:35,121.446220764,31.1938247195,121.445990982,31.1942729975,0,0
1301,14:43:35,121.446220764,31.1938247195,121.445990982,31.1942729975,0,0
1302,14:43:36,121.446220764,31.1938247195,121.445990982,31.1942729975,0,0
1303,14:43:36,121.446220764,31.1938247195,121.445990982,31.1942729975,0,0
1304,14:43:37,121.446220764,31.1938247195,121.445990982,31.1942729975,0,0
1305,14:43:37,121.446220764,31.1938247195,121.445990982,31.1942729975,0,0
1306,14:43:38,121.446220764,31.1938247195,121.445990982,31.1942729975,0,0
1307,14:43:38,121.446220764,31.1938247195,121.445990982,31.1942729975,0,0
1308,14:43:39,121.446220764,31.1938247195,121.445990982,31.1942729975,0,0
1309,14:43:39,121.446220764,31.1938247195,121.445990982,31.1942729975,0,0
1310,14:43:40,121.446220764,31.1938247195,121.445990982,31.1942729975,0,0
1311,14:43:40,121.446220764,31.1938247195,121.445990982,31.1942729975,0,0
1312,14:43:41,121.446220764,31.1938247195,121.445990982,31.1942729975,0,0
1313,14:43:41,121.446220764,31.1938247195,121.445990982,31.1942729975,0,0
1314,14:43:42,121.446220764,31.1938247195,121.445990982,31.1942729975,0,0
1315,14:43:42,121.446220764,31.1938247195,121.445990982,31.1942729975,0,0
1316,14:43:43,121.446220764,31.1938247195,121.445990982,31.1942729975,0,0
1317,14:43:43,121.446220764,31.1938247195,121.445990982,31.1942729975,0,0
1318,14:43:44,121.446220764,31.1938247195,121.445990982,31.1942729975,0,0
1319,14:43:44,121.446220764,31.1938247195,121.445990982,31.1942729975,0,0
1320,14:43:45,121.446093966,31.1941137037,121.445984405,31.1943847337,0,0
1321,14:43:45,121.446093966,31.1941137037,121.445984405,31.1943847337,0,0
1322,14:43:45,121.446093966,31.1941137037,121.445984405,31.1943847337,0,0
1323,14:43:46,121.446093966,31.1941137037,121.445984405,31.1943847337,0,0
1324,14:43:46,121.446093966,31.1941137037,121.445984405,31.1943847337,0,0
1325,14:43:47,121.446093966,31.1941137037,121.445984405,31.1943847337,0,0
1326,14:43:47,121.446093966,31.1941137037,121.445984405,31.1943847337,0,0
1327,14:43:48,121.446093966,31.1941137037,121.445984405,31.1943847337,0,0
1328,14:43:48,121.446093966,31.1941137037,121.445984405,31.1943847337,0,0
1329,14:43:49,121.446093966,31.1941137037,121.445984405,31.1943847337,0,0
1330,14:43:49,121.446093966,31.1941137037,121.445984405,31.1943847337,0,0
1331,14:43:50,121.446093966,31.1941137037,121.445984405,31.1943847337,0,0
1332,14:43:50,121.446093966,31.1941137037,121.445984405,31.1943847337,0,0
1333,14:43:51,121.446093966,31.1941137037,121.445984405,31.1943847337,0,0
1334,14:43:51,121.446093966,31.1941137037,121.445984405,31.1943847337,0,0
1335,14:43:52,121.446093966,31.1941137037,121.445984405,31.1943847337,0,0
1336,14:43:52,121.446093966,31.1941137037,121.445984405,31.1943847337,0,0
1337,14:43:53,121.446093966,31.1941137037,121.445984405,31.1943847337,0,0
1338,14:43:53,121.446093966,31.1941137037,121.445984405,31.1943847337,0,0
1339,14:43:54,121.446093966,31.1941137037,121.445984405,31.1943847337,0,0
1340,14:43:54,121.446093966,31.1941137037,121.445956072,31.1944848313,0,0
1341,14:43:55,121.446093966,31.1941137037,121.445956072,31.1944848313,0,0
1342,14:43:55,121.446093966,31.1941137037,121.445956072,31.1944848313,0,0
1343,14:43:56,121.446093966,31.1941137037,121.445956072,31.1944848313,0,0
1344,14:43:56,121.446093966,31.1941137037,121.445956072,31.1944848313,0,0
1345,14:43:57,121.446093966,31.1941137037,121.445956072,31.1944848313,0,0
1346,14:43:57,121.446093966,31.1941137037,121.445956072,31.1944848313,0,0
1347,14:43:57,121.446093966,31.1941137037,121.445956072,31.1944848313,0,0
1348,14:43:58,121.446093966,31.1941137037,121.445956072,31.1944848313,0,0
1349,14:43:58,121.446093966,31.1941137037,121.445956072,31.1944848313,0,0
1350,14:43:59,121.446093966,31.1941137037,121.445956072,31.1944848313,0,0
1351,14:43:59,121.446093966,31.1941137037,121.445956072,31.1944848313,0,0
1352,14:44:00,121.446093966,31.1941137037,121.445956072,31.1944848313,0,0
1353,14:44:00,121.446093966,31.1941137037,121.445956072,31.1944848313,0,0
1354,14:44:01,121.446093966,31.1941137037,121.445956072,31.1944848313,0,0
1355,14:44:01,121.446093966,31.1941137037,121.445956072,31.1944848313,0,0
1356,14:44:02,121.446093966,31.1941137037,121.445956072,31.1944848313,0,0
1357,14:44:02,121.446093966,31.1941137037,121.445956072,31.1944848313,0,0
1358,14:44:03,121.446093966,31.1941137037,121.445956072,31.1944848313,0,0
1359,14:44:03,121.446093966,31.1941137037,121.445956072,31.1944848313,0,0
1360,14:44:04,121.445857269,31.1946602462,121.445942805,31.19455822,0,0
1361,14:44:04,121.445857269,31.1946602462,121.445942805,31.19455822,0,0
1362,14:44:05,121.445857269,31.1946602462,121.445942805,31.19455822,0,0
1363,14:44:05,121.445857269,31.1946602462,121.445942805,31.19455822,0,0
1364,14:44:06,121.445857269,31.1946602462,121.445942805,31.19455822,0,0
1365,14:44:06,121.445857269,31.1946602462,121.445942805,31.19455822,0,0
1366,14:44:07,121.445857269,31.1946602462,121.445942805,31.19455822,0,0
1367,14:44:07,121.445857269,31.1946602462,121.445942805,31.19455822,0,0
1368,14:44:08,121.445857269,31.1946602462,121.445942805,31.19455822,0,0
1369,14:44:08,121.445857269,31.1946602462,121.445942805,31.19455822,0,0
1370,14:44:09,121.445857269,31.1946602462,121.445942805,31.19455822,0,0
1371,14:44:09,121.445857269,31.1946602462,121.445942805,31.19455822,0,0
1372,14:44:09,121.445857269,31.1946602462,121.445942805,31.19455822,0,0
1373,14:44:10,121.445857269,31.1946602462,121.445942805,31.19455822,0,0
1374,14:44:10,121.445857269,31.1946602462,121.445942805,31.19455822,0,0
1375,14:44:11,121.445857269,31.1946602462,121.445942805,31.19455822,0,0
1376,14:44:11,121.445857269,31.1946602462,121.445942805,31.19455822,0,0
1377,14:44:12,121.445857269,31.1946602462,121.445942805,31.19455822,0,0
1378,14:44:12,121.445857269,31.1946602462,121.445942805,31.19455822,0,0
1379,14:44:13,121.445857269,31.1946602462,121.445942805,31.19455822,0,0
1380,14:44:15,121.445750561,31.1949102575,121.445917864,31.1946416437,0,0
1381,14:44:15,121.445750561,31.1949102575,121.445917864,31.1946416437,0,0
1382,14:44:16,121.445750561,31.1949102575,121.445917864,31.1946416437,0,0
1383,14:44:16,121.445750561,31.1949102575,121.445917864,31.1946416437,0,0
1384,14:44:17,121.445750561,31.1949102575,121.445917864,31.1946416437,0,0
1385,14:44:17,121.445750561,31.1949102575,121.445917864,31.1946416437,0,0
1386,14:44:17,121.445750561,31.1949102575,121.445917864,31.1946416437,0,0
1387,14:44:18,121.445750561,31.1949102575,121.445917864,31.1946416437,0,0
1388,14:44:18,121.445750561,31.1949102575,121.445917864,31.1946416437,0,0
1389,14:44:19,121.445750561,31.1949102575,121.445917864,31.1946416437,0,0
1390,14:44:19,121.445750561,31.1949102575,121.445917864,31.1946416437,0,0
1391,14:44:20,121.445750561,31.1949102575,121.445917864,31.1946416437,0,0
1392,14:44:20,121.445750561,31.1949102575,121.445917864,31.1946416437,0,0
1393,14:44:21,121.445750561,31.1949102575,121.445917864,31.1946416437,0,0
1394,14:44:21,121.445750561,31.1949102575,121.445917864,31.1946416437,0,0
1395,14:44:22,121.445750561,31.1949102575,121.445917864,31.1946416437,0,0
1396,14:44:22,121.445750561,31.1949102575,121.445917864,31.1946416437,0,0
1397,14:44:23,121.445750561,31.1949102575,121.445917864,31.1946416437,0,0
1398,14:44:23,121.445750561,31.1949102575,121.445917864,31.1946416437,0,0
1399,14:44:24,121.445750561,31.1949102575,121.445917864,31.1946416437,0,0
1400,14:44:24,121.445857269,31.1946602462,121.445887934,31.1947484072,0,0
1401,14:44:25,121.445857269,31.1946602462,121.445887934,31.1947484072,0,0
1402,14:44:25,121.445857269,31.1946602462,121.445887934,31.1947484072,0,0
1403,14:44:26,121.445857269,31.1946602462,121.445887934,31.1947484072,0,0
1404,14:44:26,121.445857269,31.1946602462,121.445887934,31.1947484072,0,0
1405,14:44:27,121.445857269,31.1946602462,121.445887934,31.1947484072,0,0
1406,14:44:27,121.445857269,31.1946602462,121.445887934,31.1947484072,0,0
1407,14:44:28,121.445857269,31.1946602462,121.445887934,31.1947484072,0,0
1408,14:44:28,121.445857269,31.1946602462,121.445887934,31.1947484072,0,0
1409,14:44:28,121.445857269,31.1946602462,121.445887934,31.1947484072,0,0
1410,14:44:29,121.445857269,31.1946602462,121.445887934,31.1947484072,0,0
1411,14:44:30,121.445857269,31.1946602462,121.445887934,31.1947484072,0,0
1412,14:44:30,121.445857269,31.1946602462,121.445887934,31.1947484072,0,0
1413,14:44:30,121.445857269,31.1946602462,121.445887934,31.1947484072,0,0
1414,14:44:31,121.445857269,31.1946602462,121.445887934,31.1947484072,0,0
1415,14:44:31,121.445857269,31.1946602462,121.445887934,31.1947484072,0,0
1416,14:44:32,121.445857269,31.1946602462,121.445887934,31.1947484072,0,0
1417,14:44:32,121.445857269,31.1946602462,121.445887934,31.1947484072,0,0
1418,14:44:33,121.445857269,31.1946602462,121.445887934,31.1947484072,0,0
1419,14:44:33,121.445857269,31.1946602462,121.445887934,31.1947484072,0,0
1420,14:44:34,121.445857269,31.1946602462,121.445851318,31.1948535213,0,0
1421,14:44:34,121.445857269,31.1946602462,121.445851318,31.1948535213,0,0
1422,14:44:35,121.445857269,31.1946602462,121.445851318,31.1948535213,0,0
1423,14:44:35,121.445857269,31.1946602462,121.445851318,31.1948535213,0,0
1424,14:44:36,121.445857269,31.1946602462,121.445851318,31.1948535213,0,0
1425,14:44:36,121.445857269,31.1946602462,121.445851318,31.1948535213,0,0
1426,14:44:37,121.445857269,31.1946602462,121.445851318,31.1948535213,0,0
1427,14:44:37,121.445857269,31.1946602462,121.445851318,31.1948535213,0,0
1428,14:44:38,121.445857269,31.1946602462,121.445851318,31.1948535213,0,0
1429,14:44:38,121.445857269,31.1946602462,121.445851318,31.1948535213,0,0
1430,14:44:39,121.445857269,31.1946602462,121.445851318,31.1948535213,0,0
1431,14:44:39,121.445857269,31.1946602462,121.445851318,31.1948535213,0,0
1432,14:44:40,121.445857269,31.1946602462,121.445851318,31.1948535213,0,0
1433,14:44:40,121.445857269,31.1946602462,121.445851318,31.1948535213,0,0
1434,14:44:41,121.445857269,31.1946602462,121.445851318,31.1948535213,0,0
1435,14:44:41,121.445857269,31.1946602462,121.445851318,31.1948535213,0,0
1436,14:44:41,121.445857269,31.1946602462,121.445851318,31.1948535213,0,0
1437,14:44:42,121.445857269,31.1946602462,121.445851318,31.1948535213,0,0
1438,14:44:42,121.445857269,31.1946602462,121.445851318,31.1948535213,0,0
1439,14:44:43,121.445857269,31.1946602462,121.445851318,31.1948535213,0,0
1440,14:44:43,121.445750561,31.1949102575,121.445844742,31.1949752623,0,0
1441,14:44:44,121.445750561,31.1949102575,121.445844742,31.1949752623,0,0
1442,14:44:44,121.445750561,31.1949102575,121.445844742,31.1949752623,0,0
1443,14:44:45,121.445750561,31.1949102575,121.445844742,31.1949752623,0,0
1444,14:44:45,121.445750561,31.1949102575,121.445844742,31.1949752623,0,0
1445,14:44:46,121.445750561,31.1949102575,121.445844742,31.1949752623,0,0
1446,14:44:46,121.445750561,31.1949102575,121.445844742,31.1949752623,0,0
1447,14:44:47,121.445750561,31.1949102575,121.445844742,31.1949752623,0,0
1448,14:44:47,121.445750561,31.1949102575,121.445844742,31.1949752623,0,0
1449,14:44:48,121.445750561,31.1949102575,121.445844742,31.1949752623,0,0
1450,14:44:48,121.445750561,31.1949102575,121.445844742,31.1949752623,0,0
1451,14:44:49,121.445750561,31.1949102575,121.445844742,31.1949752623,0,0
1452,14:44:49,121.445750561,31.1949102575,121.445844742,31.1949752623,0,0
1453,14:44:50,121.445750561,31.1949102575,121.445844742,31.1949752623,0,0
1454,14:44:50,121.445750561,31.1949102575,121.445844742,31.1949752623,0,0
1455,14:44:51,121.445750561,31.1949102575,121.445844742,31.1949752623,0,0
1456,14:44:51,121.445750561,31.1949102575,121.445844742,31.1949752623,0,0
1457,14:44:52,121.445750561,31.1949102575,121.445844742,31.1949752623,0,0
1458,14:44:52,121.445750561,31.1949102575,121.445844742,31.1949752623,0,0
1459,14:44:52,121.445750561,31.1949102575,121.445844742,31.1949752623,0,0
1460,14:44:53,121.445750561,31.1949102575,121.445804834,31.1950970601,0,0
1461,14:44:53,121.445750561,31.1949102575,121.445804834,31.1950970601,0,0
1462,14:44:54,121.445750561,31.1949102575,121.445804834,31.1950970601,0,0
1463,14:44:54,121.445750561,31.1949102575,121.445804834,31.1950970601,0,0
1464,14:44:55,121.445750561,31.1949102575,121.445804834,31.1950970601,0,0
1465,14:44:55,121.445750561,31.1949102575,121.445804834,31.1950970601,0,0
1466,14:44:56,121.445750561,31.1949102575,121.445804834,31.1950970601,0,0
1467,14:44:56,121.445750561,31.1949102575,121.445804834,31.1950970601,0,0
1468,14:44:57,121.445750561,31.1949102575,121.445804834,31.1950970601,0,0
1469,14:44:57,121.445750561,31.1949102575,121.445804834,31.1950970601,0,0
1470,14:44:58,121.445750561,31.1949102575,121.445804834,31.1950970601,0,0
1471,14:44:58,121.445750561,31.1949102575,121.445804834,31.1950970601,0,0
1472,14:44:59,121.445750561,31.1949102575,121.445804834,31.1950970601,0,0
1473,14:44:59,121.445750561,31.1949102575,121.445804834,31.1950970601,0,0
1474,14:45:00,121.445750561,31.1949102575,121.445804834,31.1950970601,0,0
1475,14:45:00,121.445750561,31.1949102575,121.445804834,31.1950970601,0,0
1476,14:45:01,121.445750561,31.1949102575,121.445804834,31.1950970601,0,0
1477,14:45:01,121.445750561,31.1949102575,121.445804834,31.1950970601,0,0
1478,14:45:02,121.445750561,31.1949102575,121.445804834,31.1950970601,0,0
1479,14:45:02,121.445750561,31.1949102575,121.445804834,31.1950970601,0,0
1480,14:45:03,121.445750561,31.1949102575,121.445701651,31.195177275,0,0
1481,14:45:03,121.445750561,31.1949102575,121.445701651,31.195177275,0,0
1482,14:45:04,121.445750561,31.1949102575,121.445701651,31.195177275,0,0
1483,14:45:04,121.445750561,31.1949102575,121.445701651,31.195177275,0,0
1484,14:45:04,121.445750561,31.1949102575,121.445701651,31.195177275,0,0
1485,14:45:05,121.445750561,31.1949102575,121.445701651,31.195177275,0,0
1486,14:45:05,121.445750561,31.1949102575,121.445701651,31.195177275,0,0
1487,14:45:06,121.445750561,31.1949102575,121.445701651,31.195177275,0,0
1488,14:45:06,121.445750561,31.1949102575,121.445701651,31.195177275,0,0
1489,14:45:07,121.445750561,31.1949102575,121.445701651,31.195177275,0,0
1490,14:45:07,121.445750561,31.1949102575,121.445701651,31.195177275,0,0
1491,14:45:08,121.445750561,31.1949102575,121.445701651,31.195177275,0,0
1492,14:45:08,121.445750561,31.1949102575,121.445701651,31.195177275,0,0
1493,14:45:09,121.445750561,31.1949102575,121.445701651,31.195177275,0,0
1494,14:45:09,121.445750561,31.1949102575,121.445701651,31.195177275,0,0
1495,14:45:10,121.445750561,31.1949102575,121.445701651,31.195177275,0,0
1496,14:45:10,121.445750561,31.1949102575,121.445701651,31.195177275,0,0
1497,14:45:11,121.445750561,31.1949102575,121.445701651,31.195177275,0,0
1498,14:45:11,121.445750561,31.1949102575,121.445701651,31.195177275,0,0
1499,14:45:12,121.445750561,31.1949102575,121.445701651,31.195177275,0,0
1500,14:45:12,121.445857269,31.1946602462,121.445626809,31.195252439,0,0
1501,14:45:13,121.445857269,31.1946602462,121.445626809,31.195252439,0,0
1502,14:45:13,121.445857269,31.1946602462,121.445626809,31.195252439,0,0
1503,14:45:14,121.445857269,31.1946602462,121.445626809,31.195252439,0,0
1504,14:45:14,121.445857269,31.1946602462,121.445626809,31.195252439,0,0
1505,14:45:15,121.445857269,31.1946602462,121.445626809,31.195252439,0,0
1506,14:45:15,121.445857269,31.1946602462,121.445626809,31.195252439,0,0
1507,14:45:16,121.445857269,31.1946602462,121.445626809,31.195252439,0,0
1508,14:45:16,121.445857269,31.1946602462,121.445626809,31.195252439,0,0
1509,14:45:16,121.445857269,31.1946602462,121.445626809,31.195252439,0,0
1510,14:45:17,121.445857269,31.1946602462,121.445626809,31.195252439,0,0
1511,14:45:17,121.445857269,31.1946602462,121.445626809,31.195252439,0,0
1512,14:45:18,121.445857269,31.1946602462,121.445626809,31.195252439,0,0
1513,14:45:18,121.445857269,31.1946602462,121.445626809,31.195252439,0,0
1514,14:45:19,121.445857269,31.1946602462,121.445626809,31.195252439,0,0
1515,14:45:19,121.445857269,31.1946602462,121.445626809,31.195252439,0,0
1516,14:45:20,121.445857269,31.1946602462,121.445626809,31.195252439,0,0
1517,14:45:20,121.445857269,31.1946602462,121.445626809,31.195252439,0,0
1518,14:45:21,121.445857269,31.1946602462,121.445626809,31.195252439,0,0
1519,14:45:21,121.445857269,31.1946602462,121.445626809,31.195252439,0,0
1520,14:45:22,121.445392801,31.1957512969,121.445452172,31.1953577863,0,0
1521,14:45:22,121.445392801,31.1957512969,121.445452172,31.1953577863,0,0
1522,14:45:23,121.445392801,31.1957512969,121.445452172,31.1953577863,0,0
1523,14:45:23,121.445392801,31.1957512969,121.445452172,31.1953577863,0,0
1524,14:45:24,121.445392801,31.1957512969,121.445452172,31.1953577863,0,0
1525,14:45:24,121.445392801,31.1957512969,121.445452172,31.1953577863,0,0
1526,14:45:54,121.445392801,31.1957512969,121.445452172,31.1953577863,0,0
1527,14:45:54,121.445392801,31.1957512969,121.445452172,31.1953577863,0,0
1528,14:45:55,121.445392801,31.1957512969,121.445452172,31.1953577863,0,0
1529,14:45:55,121.445392801,31.1957512969,121.445452172,31.1953577863,0,0
1530,14:45:56,121.445392801,31.1957512969,121.445452172,31.1953577863,0,0
1531,14:45:56,121.445392801,31.1957512969,121.445452172,31.1953577863,0,0
1532,14:45:57,121.445392801,31.1957512969,121.445452172,31.1953577863,0,0
1533,14:45:57,121.445392801,31.1957512969,121.445452172,31.1953577863,0,0
1534,14:45:58,121.445392801,31.1957512969,121.445452172,31.1953577863,0,0
1535,14:45:58,121.445392801,31.1957512969,121.445452172,31.1953577863,0,0
1536,14:45:59,121.445392801,31.1957512969,121.445452172,31.1953577863,0,0
1537,14:45:59,121.445392801,31.1957512969,121.445452172,31.1953577863,0,0
1538,14:46:00,121.445392801,31.1957512969,121.445452172,31.1953577863,0,0
1539,14:46:00,121.445392801,31.1957512969,121.445452172,31.1953577863,0,0
1540,14:46:01,121.445167126,31.1962772871,121.4452593,31.1958049908,0,0
1541,14:46:02,121.445167126,31.1962772871,121.4452593,31.1958049908,0,0
1542,14:46:02,121.445167126,31.1962772871,121.4452593,31.1958049908,0,0
1543,14:46:03,121.445167126,31.1962772871,121.4452593,31.1958049908,0,0
1544,14:46:03,121.445167126,31.1962772871,121.4452593,31.1958049908,0,0
1545,14:46:04,121.445167126,31.1962772871,121.4452593,31.1958049908,0,0
1546,14:46:04,121.445167126,31.1962772871,121.4452593,31.1958049908,0,0
1547,14:46:05,121.445167126,31.1962772871,121.4452593,31.1958049908,0,0
1548,14:46:05,121.445167126,31.1962772871,121.4452593,31.1958049908,0,0
1549,14:46:06,121.445167126,31.1962772871,121.4452593,31.1958049908,0,0
1550,14:46:06,121.445167126,31.1962772871,121.4452593,31.1958049908,0,0
1551,14:46:06,121.445167126,31.1962772871,121.4452593,31.1958049908,0,0
1552,14:46:07,121.445167126,31.1962772871,121.4452593,31.1958049908,0,0
1553,14:46:07,121.445167126,31.1962772871,121.4452593,31.1958049908,0,0
1554,14:46:08,121.445167126,31.1962772871,121.4452593,31.1958049908,0,0
1555,14:46:08,121.445167126,31.1962772871,121.4452593,31.1958049908,0,0
1556,14:46:09,121.445167126,31.1962772871,121.4452593,31.1958049908,0,0
1557,14:46:09,121.445167126,31.1962772871,121.4452593,31.1958049908,0,0
1558,14:46:10,121.445167126,31.1962772871,121.4452593,31.1958049908,0,0
1559,14:46:10,121.445167126,31.1962772871,121.4452593,31.1958049908,0,0
1560,14:46:11,121.445167126,31.1962772871,121.445114598,31.1958936171,0,0
1561,14:46:11,121.445167126,31.1962772871,121.445114598,31.1958936171,0,0
1562,14:46:12,121.445167126,31.1962772871,121.445114598,31.1958936171,0,0
1563,14:46:12,121.445167126,31.1962772871,121.445114598,31.1958936171,0,0
1564,14:46:13,121.445167126,31.1962772871,121.445114598,31.1958936171,0,0
1565,14:46:13,121.445167126,31.1962772871,121.445114598,31.1958936171,0,0
1566,14:46:14,121.445167126,31.1962772871,121.445114598,31.1958936171,0,0
1567,14:46:14,121.445167126,31.1962772871,121.445114598,31.1958936171,0,0
1568,14:46:15,121.445167126,31.1962772871,121.445114598,31.1958936171,0,0
1569,14:46:15,121.445167126,31.1962772871,121.445114598,31.1958936171,0,0
1570,14:46:16,121.445167126,31.1962772871,121.445114598,31.1958936171,0,0
1571,14:46:16,121.445167126,31.1962772871,121.445114598,31.1958936171,0,0
1572,14:46:17,121.445167126,31.1962772871,121.445114598,31.1958936171,0,0
1573,14:46:17,121.445167126,31.1962772871,121.445114598,31.1958936171,0,0
1574,14:46:18,121.445167126,31.1962772871,121.445114598,31.1958936171,0,0
1575,14:46:18,121.445167126,31.1962772871,121.445114598,31.1958936171,0,0
1576,14:46:18,121.445167126,31.1962772871,121.445114598,31.1958936171,0,0
1577,14:46:19,121.445167126,31.1962772871,121.445114598,31.1958936171,0,0
1578,14:46:19,121.445167126,31.1962772871,121.445114598,31.1958936171,0,0
1579,14:46:20,121.445167126,31.1962772871,121.445114598,31.1958936171,0,0
1580,14:46:20,121.446446255,31.1929448558,121.444918304,31.1960373457,0,0
1581,14:46:21,121.446446255,31.1929448558,121.444918304,31.1960373457,0,0
1582,14:46:21,121.446446255,31.1929448558,121.444918304,31.1960373457,0,0
1583,14:46:22,121.446446255,31.1929448558,121.444918304,31.1960373457,0,0
1584,14:46:22,121.446446255,31.1929448558,121.444918304,31.1960373457,0,0
1585,14:46:23,121.446446255,31.1929448558,121.444918304,31.1960373457,0,0
1586,14:46:23,121.446446255,31.1929448558,121.444918304,31.1960373457,0,0
1587,14:46:24,121.446446255,31.1929448558,121.444918304,31.1960373457,0,0
1588,14:46:24,121.446446255,31.1929448558,121.444918304,31.1960373457,0,0
1589,14:46:25,121.446446255,31.1929448558,121.444918304,31.1960373457,0,0
1590,14:46:25,121.446446255,31.1929448558,121.444918304,31.1960373457,0,0
1591,14:46:26,121.446446255,31.1929448558,121.444918304,31.1960373457,0,0
1592,14:46:26,121.446446255,31.1929448558,121.444918304,31.1960373457,0,0
1593,14:46:27,121.446446255,31.1929448558,121.444918304,31.1960373457,0,0
1594,14:46:27,121.446446255,31.1929448558,121.444918304,31.1960373457,0,0
1595,14:46:28,121.446446255,31.1929448558,121.444918304,31.1960373457,0,0
1596,14:46:28,121.446446255,31.1929448558,121.444918304,31.1960373457,0,0
1597,14:46:29,121.446446255,31.1929448558,121.444918304,31.1960373457,0,0
1598,14:46:29,121.446446255,31.1929448558,121.444918304,31.1960373457,0,0
1599,14:46:30,121.446446255,31.1929448558,121.444918304,31.1960373457,0,0
1600,14:46:30,121.4450823,31.1965154309,121.444901741,31.1960907295,0,0
1601,14:46:30,121.4450823,31.1965154309,121.444901741,31.1960907295,0,0
1602,14:46:31,121.4450823,31.1965154309,121.444901741,31.1960907295,0,0
1603,14:46:31,121.4450823,31.1965154309,121.444901741,31.1960907295,0,0
1604,14:46:32,121.4450823,31.1965154309,121.444901741,31.1960907295,0,0
1605,14:46:32,121.4450823,31.1965154309,121.444901741,31.1960907295,0,0
1606,14:46:33,121.4450823,31.1965154309,121.444901741,31.1960907295,0,0
1607,14:46:33,121.4450823,31.1965154309,121.444901741,31.1960907295,0,0
1608,14:46:34,121.4450823,31.1965154309,121.444901741,31.1960907295,0,0
1609,14:46:34,121.4450823,31.1965154309,121.444901741,31.1960907295,0,0
1610,14:46:35,121.4450823,31.1965154309,121.444901741,31.1960907295,0,0
1611,14:46:35,121.4450823,31.1965154309,121.444901741,31.1960907295,0,0
1612,14:46:36,121.4450823,31.1965154309,121.444901741,31.1960907295,0,0
1613,14:46:36,121.4450823,31.1965154309,121.444901741,31.1960907295,0,0
1614,14:46:37,121.4450823,31.1965154309,121.444901741,31.1960907295,0,0
1615,14:46:37,121.4450823,31.1965154309,121.444901741,31.1960907295,0,0
1616,14:46:38,121.4450823,31.1965154309,121.444901741,31.1960907295,0,0
1617,14:46:38,121.4450823,31.1965154309,121.444901741,31.1960907295,0,0
1618,14:46:39,121.4450823,31.1965154309,121.444901741,31.1960907295,0,0
1619,14:46:39,121.4450823,31.1965154309,121.444901741,31.1960907295,0,0
1620,14:46:40,121.4450823,31.1965154309,121.444818515,31.1961859148,0,0
1621,14:46:40,121.4450823,31.1965154309,121.444818515,31.1961859148,0,0
1622,14:46:41,121.4450823,31.1965154309,121.444818515,31.1961859148,0,0
1623,14:46:41,121.4450823,31.1965154309,121.444818515,31.1961859148,0,0
1624,14:46:42,121.4450823,31.1965154309,121.444818515,31.1961859148,0,0
1625,14:46:42,121.4450823,31.1965154309,121.444818515,31.1961859148,0,0
1626,14:46:43,121.4450823,31.1965154309,121.444818515,31.1961859148,0,0
1627,14:46:43,121.4450823,31.1965154309,121.444818515,31.1961859148,0,0
1628,14:46:44,121.4450823,31.1965154309,121.444818515,31.1961859148,0,0
1629,14:46:44,121.4450823,31.1965154309,121.444818515,31.1961859148,0,0
1630,14:46:45,121.4450823,31.1965154309,121.444818515,31.1961859148,0,0
1631,14:46:45,121.4450823,31.1965154309,121.444818515,31.1961859148,0,0
1632,14:46:46,121.4450823,31.1965154309,121.444818515,31.1961859148,0,0
1633,14:46:46,121.4450823,31.1965154309,121.444818515,31.1961859148,0,0
1634,14:46:47,121.4450823,31.1965154309,121.444818515,31.1961859148,0,0
1635,14:46:47,121.4450823,31.1965154309,121.444818515,31.1961859148,0,0
1636,14:46:48,121.4450823,31.1965154309,121.444818515,31.1961859148,0,0
1637,14:46:48,121.4450823,31.1965154309,121.444818515,31.1961859148,0,0
1638,14:46:49,121.4450823,31.1965154309,121.444818515,31.1961859148,0,0
1639,14:46:49,121.4450823,31.1965154309,121.444818515,31.1961859148,0,0
1640,14:46:50,121.444967252,31.1974366491,121.444670514,31.1962361852,0,0
1641,14:46:50,121.444967252,31.1974366491,121.444670514,31.1962361852,0,0
1642,14:46:51,121.444967252,31.1974366491,121.444670514,31.1962361852,0,0
1643,14:46:51,121.444967252,31.1974366491,121.444670514,31.1962361852,0,0
1644,14:46:51,121.444967252,31.1974366491,121.444670514,31.1962361852,0,0
1645,14:46:52,121.444967252,31.1974366491,121.444670514,31.1962361852,0,0
1646,14:46:52,121.444967252,31.1974366491,121.444670514,31.1962361852,0,0
1647,14:46:53,121.444967252,31.1974366491,121.444670514,31.1962361852,0,0
1648,14:46:53,121.444967252,31.1974366491,121.444670514,31.1962361852,0,0
1649,14:46:54,121.444967252,31.1974366491,121.444670514,31.1962361852,0,0
1650,14:46:54,121.444967252,31.1974366491,121.444670514,31.1962361852,0,0
1651,14:46:55,121.444967252,31.1974366491,121.444670514,31.1962361852,0,0
1652,14:46:55,121.444967252,31.1974366491,121.444670514,31.1962361852,0,0
1653,14:46:56,121.444967252,31.1974366491,121.444670514,31.1962361852,0,0
1654,14:46:56,121.444967252,31.1974366491,121.444670514,31.1962361852,0,0
1655,14:46:57,121.444967252,31.1974366491,121.444670514,31.1962361852,0,0
1656,14:46:57,121.444967252,31.1974366491,121.444670514,31.1962361852,0,0
1657,14:46:58,121.444967252,31.1974366491,121.444670514,31.1962361852,0,0
1658,14:46:58,121.444967252,31.1974366491,121.444670514,31.1962361852,0,0
1659,14:46:59,121.444967252,31.1974366491,121.444670514,31.1962361852,0,0
1660,14:46:59,121.444967252,31.1974366491,121.444936701,31.1964341795,0,0
1661,14:47:00,121.444967252,31.1974366491,121.444936701,31.1964341795,0,0
1662,14:47:00,121.444967252,31.1974366491,121.444936701,31.1964341795,0,0
1663,14:47:01,121.444967252,31.1974366491,121.444936701,31.1964341795,0,0
1664,14:47:01,121.444967252,31.1974366491,121.444936701,31.1964341795,0,0
1665,14:47:02,121.444967252,31.1974366491,121.444936701,31.1964341795,0,0
1666,14:47:02,121.444967252,31.1974366491,121.444936701,31.1964341795,0,0
1667,14:47:03,121.444967252,31.1974366491,121.444936701,31.1964341795,0,0
1668,14:47:03,121.444967252,31.1974366491,121.444936701,31.1964341795,0,0
1669,14:47:03,121.444967252,31.1974366491,121.444936701,31.1964341795,0,0
1670,14:47:04,121.444967252,31.1974366491,121.444936701,31.1964341795,0,0
1671,14:47:04,121.444967252,31.1974366491,121.444936701,31.1964341795,0,0
1672,14:47:05,121.444967252,31.1974366491,121.444936701,31.1964341795,0,0
1673,14:47:05,121.444967252,31.1974366491,121.444936701,31.1964341795,0,0
1674,14:47:06,121.444967252,31.1974366491,121.444936701,31.1964341795,0,0
1675,14:47:06,121.444967252,31.1974366491,121.444936701,31.1964341795,0,0
1676,14:47:07,121.444967252,31.1974366491,121.444936701,31.1964341795,0,0
1677,14:47:07,121.444967252,31.1974366491,121.444936701,31.1964341795,0,0
1678,14:47:08,121.444967252,31.1974366491,121.444936701,31.1964341795,0,0
1679,14:47:08,121.444967252,31.1974366491,121.444936701,31.1964341795,0,0
1680,14:47:09,121.444967252,31.1974366491,121.444989901,31.1965024541,0,0
1681,14:47:09,121.444967252,31.1974366491,121.444989901,31.1965024541,0,0
1682,14:47:10,121.444967252,31.1974366491,121.444989901,31.1965024541,0,0
1683,14:47:10,121.444967252,31.1974366491,121.444989901,31.1965024541,0,0
1684,14:47:11,121.444967252,31.1974366491,121.444989901,31.1965024541,0,0
1685,14:47:11,121.444967252,31.1974366491,121.444989901,31.1965024541,0,0
1686,14:47:12,121.444967252,31.1974366491,121.444989901,31.1965024541,0,0
1687,14:47:12,121.444967252,31.1974366491,121.444989901,31.1965024541,0,0
1688,14:47:13,121.444967252,31.1974366491,121.444989901,31.1965024541,0,0
1689,14:47:13,121.444967252,31.1974366491,121.444989901,31.1965024541,0,0
1690,14:47:14,121.444967252,31.1974366491,121.444989901,31.1965024541,0,0
1691,14:47:14,121.444967252,31.1974366491,121.444989901,31.1965024541,0,0
1692,14:47:15,121.444967252,31.1974366491,121.444989901,31.1965024541,0,0
1693,14:47:15,121.444967252,31.1974366491,121.444989901,31.1965024541,0,0
1694,14:47:15,121.444967252,31.1974366491,121.444989901,31.1965024541,0,0
1695,14:47:16,121.444967252,31.1974366491,121.444989901,31.1965024541,0,0
1696,14:47:16,121.444967252,31.1974366491,121.444989901,31.1965024541,0,0
1697,14:47:17,121.444967252,31.1974366491,121.444989901,31.1965024541,0,0
1698,14:47:17,121.444967252,31.1974366491,121.444989901,31.1965024541,0,0
1699,14:47:18,121.444967252,31.1974366491,121.444989901,31.1965024541,0,0
1700,14:47:18,121.444967252,31.1974366491,121.44498662,31.1966458598,0,0
1701,14:47:19,121.444967252,31.1974366491,121.44498662,31.1966458598,0,0
1702,14:47:19,121.444967252,31.1974366491,121.44498662,31.1966458598,0,0
1703,14:47:20,121.444967252,31.1974366491,121.44498662,31.1966458598,0,0
1704,14:47:20,121.444967252,31.1974366491,121.44498662,31.1966458598,0,0
1705,14:47:21,121.444967252,31.1974366491,121.44498662,31.1966458598,0,0
1706,14:47:21,121.444967252,31.1974366491,121.44498662,31.1966458598,0,0
1707,14:47:22,121.444967252,31.1974366491,121.44498662,31.1966458598,0,0
1708,14:47:22,121.444967252,31.1974366491,121.44498662,31.1966458598,0,0
1709,14:47:23,121.444967252,31.1974366491,121.44498662,31.1966458598,0,0
1710,14:47:23,121.444967252,31.1974366491,121.44498662,31.1966458598,0,0
1711,14:47:24,121.444967252,31.1974366491,121.44498662,31.1966458598,0,0
1712,14:47:24,121.444967252,31.1974366491,121.44498662,31.1966458598,0,0
1713,14:47:25,121.444967252,31.1974366491,121.44498662,31.1966458598,0,0
1714,14:47:25,121.444967252,31.1974366491,121.44498662,31.1966458598,0,0
1715,14:47:26,121.444967252,31.1974366491,121.44498662,31.1966458598,0,0
1716,14:47:26,121.444967252,31.1974366491,121.44498662,31.1966458598,0,0
1717,14:47:27,121.444967252,31.1974366491,121.44498662,31.1966458598,0,0
1718,14:47:27,121.444967252,31.1974366491,121.44498662,31.1966458598,0,0
1719,14:47:27,121.444967252,31.1974366491,121.44498662,31.1966458598,0,0
1720,14:47:28,121.444967252,31.1974366491,121.444866868,31.1967544527,0,0
1721,14:47:28,121.444967252,31.1974366491,121.444866868,31.1967544527,0,0
1722,14:47:29,121.444967252,31.1974366491,121.444866868,31.1967544527,0,0
1723,14:47:29,121.444967252,31.1974366491,121.444866868,31.1967544527,0,0
1724,14:47:30,121.444967252,31.1974366491,121.444866868,31.1967544527,0,0
1725,14:47:30,121.444967252,31.1974366491,121.444866868,31.1967544527,0,0
1726,14:47:31,121.444967252,31.1974366491,121.444866868,31.1967544527,0,0
1727,14:47:31,121.444967252,31.1974366491,121.444866868,31.1967544527,0,0
1728,14:47:32,121.444967252,31.1974366491,121.444866868,31.1967544527,0,0
1729,14:47:32,121.444967252,31.1974366491,121.444866868,31.1967544527,0,0
1730,14:47:33,121.444967252,31.1974366491,121.444866868,31.1967544527,0,0
1731,14:47:33,121.444967252,31.1974366491,121.444866868,31.1967544527,0,0
1732,14:47:34,121.444967252,31.1974366491,121.444866868,31.1967544527,0,0
1733,14:47:34,121.444967252,31.1974366491,121.444866868,31.1967544527,0,0
1734,14:47:35,121.444967252,31.1974366491,121.444866868,31.1967544527,0,0
1735,14:47:35,121.444967252,31.1974366491,121.444866868,31.1967544527,0,0
1736,14:47:36,121.444967252,31.1974366491,121.444866868,31.1967544527,0,0
1737,14:47:36,121.444967252,31.1974366491,121.444866868,31.1967544527,0,0
1738,14:47:37,121.444967252,31.1974366491,121.444866868,31.1967544527,0,0
1739,14:47:37,121.444967252,31.1974366491,121.444866868,31.1967544527,0,0
1740,14:47:38,121.445271701,31.1981268106,121.444821968,31.1968745863,0,0
1741,14:47:38,121.445271701,31.1981268106,121.444821968,31.1968745863,0,0
1742,14:47:38,121.445271701,31.1981268106,121.444821968,31.1968745863,0,0
1743,14:47:39,121.445271701,31.1981268106,121.444821968,31.1968745863,0,0
1744,14:47:39,121.445271701,31.1981268106,121.444821968,31.1968745863,0,0
1745,14:47:40,121.445271701,31.1981268106,121.444821968,31.1968745863,0,0
1746,14:47:40,121.445271701,31.1981268106,121.444821968,31.1968745863,0,0
1747,14:47:41,121.445271701,31.1981268106,121.444821968,31.1968745863,0,0
1748,14:47:41,121.445271701,31.1981268106,121.444821968,31.1968745863,0,0
1749,14:47:42,121.445271701,31.1981268106,121.444821968,31.1968745863,0,0
1750,14:47:42,121.445271701,31.1981268106,121.444821968,31.1968745863,0,0
1751,14:47:43,121.445271701,31.1981268106,121.444821968,31.1968745863,0,0
1752,14:47:43,121.445271701,31.1981268106,121.444821968,31.1968745863,0,0
1753,14:47:44,121.445271701,31.1981268106,121.444821968,31.1968745863,0,0
1754,14:47:44,121.445271701,31.1981268106,121.444821968,31.1968745863,0,0
1755,14:47:45,121.445271701,31.1981268106,121.444821968,31.1968745863,0,0
1756,14:47:45,121.445271701,31.1981268106,121.444821968,31.1968745863,0,0
1757,14:47:46,121.445271701,31.1981268106,121.444821968,31.1968745863,0,0
1758,14:47:46,121.445271701,31.1981268106,121.444821968,31.1968745863,0,0
1759,14:47:47,121.445271701,31.1981268106,121.444821968,31.1968745863,0,0
1760,14:47:47,121.445271701,31.1981268106,121.444963299,31.1970210824,0,0
1761,14:47:48,121.445271701,31.1981268106,121.444963299,31.1970210824,0,0
1762,14:47:48,121.445271701,31.1981268106,121.444963299,31.1970210824,0,0
1763,14:47:49,121.445271701,31.1981268106,121.444963299,31.1970210824,0,0
1764,14:47:49,121.445271701,31.1981268106,121.444963299,31.1970210824,0,0
1765,14:47:50,121.445271701,31.1981268106,121.444963299,31.1970210824,0,0
1766,14:47:50,121.445271701,31.1981268106,121.444963299,31.1970210824,0,0
1767,14:47:50,121.445271701,31.1981268106,121.444963299,31.1970210824,0,0
1768,14:47:51,121.445271701,31.1981268106,121.444963299,31.1970210824,0,0
1769,14:47:51,121.445271701,31.1981268106,121.444963299,31.1970210824,0,0
1770,14:47:52,121.445271701,31.1981268106,121.444963299,31.1970210824,0,0
1771,14:47:52,121.445271701,31.1981268106,121.444963299,31.1970210824,0,0
1772,14:47:53,121.445271701,31.1981268106,121.444963299,31.1970210824,0,0
1773,14:47:53,121.445271701,31.1981268106,121.444963299,31.1970210824,0,0
1774,14:47:54,121.445271701,31.1981268106,121.444963299,31.1970210824,0,0
1775,14:47:54,121.445271701,31.1981268106,121.444963299,31.1970210824,0,0
1776,14:47:55,121.445271701,31.1981268106,121.444963299,31.1970210824,0,0
1777,14:47:55,121.445271701,31.1981268106,121.444963299,31.1970210824,0,0
1778,14:47:56,121.445271701,31.1981268106,121.444963299,31.1970210824,0,0
1779,14:47:56,121.445271701,31.1981268106,121.444963299,31.1970210824,0,0
1780,14:47:57,121.445907824,31.198117289,121.445108017,31.1971075527,0,0
1781,14:47:57,121.445907824,31.198117289,121.445108017,31.1971075527,0,0
1782,14:47:58,121.445907824,31.198117289,121.445108017,31.1971075527,0,0
1783,14:47:58,121.445907824,31.198117289,121.445108017,31.1971075527,0,0
1784,14:47:59,121.445907824,31.198117289,121.445108017,31.1971075527,0,0
1785,14:47:59,121.445907824,31.198117289,121.445108017,31.1971075527,0,0
1786,14:48:00,121.445907824,31.198117289,121.445108017,31.1971075527,0,0
1787,14:48:00,121.445907824,31.198117289,121.445108017,31.1971075527,0,0
1788,14:48:01,121.445907824,31.198117289,121.445108017,31.1971075527,0,0
1789,14:48:01,121.445907824,31.198117289,121.445108017,31.1971075527,0,0
1790,14:48:02,121.445907824,31.198117289,121.445108017,31.1971075527,0,0
1791,14:48:02,121.445907824,31.198117289,121.445108017,31.1971075527,0,0
1792,14:48:03,121.445907824,31.198117289,121.445108017,31.1971075527,0,0
1793,14:48:03,121.445907824,31.198117289,121.445108017,31.1971075527,0,0
1794,14:48:03,121.445907824,31.198117289,121.445108017,31.1971075527,0,0
1795,14:48:04,121.445907824,31.198117289,121.445108017,31.1971075527,0,0
1796,14:48:04,121.445907824,31.198117289,121.445108017,31.1971075527,0,0
1797,14:48:05,121.445907824,31.198117289,121.445108017,31.1971075527,0,0
1798,14:48:05,121.445907824,31.198117289,121.445108017,31.1971075527,0,0
1799,14:48:06,121.445907824,31.198117289,121.445108017,31.1971075527,0,0
1800,14:48:06,121.445907824,31.198117289,121.445347541,31.1971688502,0,0
1801,14:48:07,121.445907824,31.198117289,121.445347541,31.1971688502,0,0
1802,14:48:07,121.445907824,31.198117289,121.445347541,31.1971688502,0,0
1803,14:48:08,121.445907824,31.198117289,121.445347541,31.1971688502,0,0
1804,14:48:08,121.445907824,31.198117289,121.445347541,31.1971688502,0,0
1805,14:48:09,121.445907824,31.198117289,121.445347541,31.1971688502,0,0
1806,14:48:09,121.445907824,31.198117289,121.445347541,31.1971688502,0,0
1807,14:48:10,121.445907824,31.198117289,121.445347541,31.1971688502,0,0
1808,14:48:10,121.445907824,31.198117289,121.445347541,31.1971688502,0,0
1809,14:48:11,121.445907824,31.198117289,121.445347541,31.1971688502,0,0
1810,14:48:11,121.445907824,31.198117289,121.445347541,31.1971688502,0,0
1811,14:48:12,121.445907824,31.198117289,121.445347541,31.1971688502,0,0
1812,14:48:12,121.445907824,31.198117289,121.445347541,31.1971688502,0,0
1813,14:48:13,121.445907824,31.198117289,121.445347541,31.1971688502,0,0
1814,14:48:13,121.445907824,31.198117289,121.445347541,31.1971688502,0,0
1815,14:48:14,121.445907824,31.198117289,121.445347541,31.1971688502,0,0
1816,14:48:14,121.445907824,31.198117289,121.445347541,31.1971688502,0,0
1817,14:48:14,121.445907824,31.198117289,121.445347541,31.1971688502,0,0
1818,14:48:15,121.445907824,31.198117289,121.445347541,31.1971688502,0,0
1819,14:48:15,121.445907824,31.198117289,121.445347541,31.1971688502,0,0
1820,14:48:16,121.445907824,31.198117289,121.445503927,31.1971986007,0,0
1821,14:48:16,121.445907824,31.198117289,121.445503927,31.1971986007,0,0
1822,14:48:17,121.445907824,31.198117289,121.445503927,31.1971986007,0,0
1823,14:48:17,121.445907824,31.198117289,121.445503927,31.1971986007,0,0
1824,14:48:18,121.445907824,31.198117289,121.445503927,31.1971986007,0,0
1825,14:48:18,121.445907824,31.198117289,121.445503927,31.1971986007,0,0
1826,14:48:19,121.445907824,31.198117289,121.445503927,31.1971986007,0,0
1827,14:48:19,121.445907824,31.198117289,121.445503927,31.1971986007,0,0
1828,14:48:20,121.445907824,31.198117289,121.445503927,31.1971986007,0,0
1829,14:48:20,121.445907824,31.198117289,121.445503927,31.1971986007,0,0
1830,14:48:21,121.445907824,31.198117289,121.445503927,31.1971986007,0,0
1831,14:48:21,121.445907824,31.198117289,121.445503927,31.1971986007,0,0
1832,14:48:22,121.445907824,31.198117289,121.445503927,31.1971986007,0,0
1833,14:48:22,121.445907824,31.198117289,121.445503927,31.1971986007,0,0
1834,14:48:23,121.445907824,31.198117289,121.445503927,31.1971986007,0,0
1835,14:48:23,121.445907824,31.198117289,121.445503927,31.1971986007,0,0
1836,14:48:24,121.445907824,31.198117289,121.445503927,31.1971986007,0,0
1837,14:48:24,121.445907824,31.198117289,121.445503927,31.1971986007,0,0
1838,14:48:25,121.445907824,31.198117289,121.445503927,31.1971986007,0,0
1839,14:48:25,121.445907824,31.198117289,121.445503927,31.1971986007,0,0
1840,14:48:26,121.445907824,31.198117289,121.44563197,31.1972233959,0,0
1841,14:48:26,121.445907824,31.198117289,121.44563197,31.1972233959,0,0
1842,14:48:26,121.445907824,31.198117289,121.44563197,31.1972233959,0,0
1843,14:48:27,121.445907824,31.198117289,121.44563197,31.1972233959,0,0
1844,14:48:27,121.445907824,31.198117289,121.44563197,31.1972233959,0,0
1845,14:48:28,121.445907824,31.198117289,121.44563197,31.1972233959,0,0
1846,14:48:28,121.445907824,31.198117289,121.44563197,31.1972233959,0,0
1847,14:48:29,121.445907824,31.198117289,121.44563197,31.1972233959,0,0
1848,14:48:29,121.445907824,31.198117289,121.44563197,31.1972233959,0,0
1849,14:48:30,121.445907824,31.198117289,121.44563197,31.1972233959,0,0
1850,14:48:30,121.445907824,31.198117289,121.44563197,31.1972233959,0,0
1851,14:48:31,121.445907824,31.198117289,121.44563197,31.1972233959,0,0
1852,14:48:31,121.445907824,31.198117289,121.44563197,31.1972233959,0,0
1853,14:48:32,121.445907824,31.198117289,121.44563197,31.1972233959,0,0
1854,14:48:32,121.445907824,31.198117289,121.44563197,31.1972233959,0,0
1855,14:48:33,121.445907824,31.198117289,121.44563197,31.1972233959,0,0
1856,14:48:33,121.445907824,31.198117289,121.44563197,31.1972233959,0,0
1857,14:48:34,121.445907824,31.198117289,121.44563197,31.1972233959,0,0
1858,14:48:34,121.445907824,31.198117289,121.44563197,31.1972233959,0,0
1859,14:48:35,121.445907824,31.198117289,121.44563197,31.1972233959,0,0
1860,14:48:35,121.445907824,31.198117289,121.445748437,31.1972648784,0,0
1861,14:48:36,121.445907824,31.198117289,121.445748437,31.1972648784,0,0
1862,14:48:36,121.445907824,31.198117289,121.445748437,31.1972648784,0,0
1863,14:48:37,121.445907824,31.198117289,121.445748437,31.1972648784,0,0
1864,14:48:37,121.445907824,31.198117289,121.445748437,31.1972648784,0,0
1865,14:48:38,121.445907824,31.198117289,121.445748437,31.1972648784,0,0
1866,14:48:38,121.445907824,31.198117289,121.445748437,31.1972648784,0,0
1867,14:48:38,121.445907824,31.198117289,121.445748437,31.1972648784,0,0
1868,14:48:39,121.445907824,31.198117289,121.445748437,31.1972648784,0,0
1869,14:48:39,121.445907824,31.198117289,121.445748437,31.1972648784,0,0
1870,14:48:40,121.445907824,31.198117289,121.445748437,31.1972648784,0,0
1871,14:48:40,121.445907824,31.198117289,121.445748437,31.1972648784,0,0
1872,14:48:41,121.445907824,31.198117289,121.445748437,31.1972648784,0,0
1873,14:48:41,121.445907824,31.198117289,121.445748437,31.1972648784,0,0
1874,14:48:42,121.445907824,31.198117289,121.445748437,31.1972648784,0,0
1875,14:48:42,121.445907824,31.198117289,121.445748437,31.1972648784,0,0
1876,14:48:43,121.445907824,31.198117289,121.445748437,31.1972648784,0,0
1877,14:48:43,121.445907824,31.198117289,121.445748437,31.1972648784,0,0
1878,14:48:44,121.445907824,31.198117289,121.445748437,31.1972648784,0,0
1879,14:48:44,121.445907824,31.198117289,121.445748437,31.1972648784,0,0
1880,14:48:45,121.445907824,31.198117289,121.445853229,31.1973314024,0,0
1881,14:48:45,121.445907824,31.198117289,121.445853229,31.1973314024,0,0
1882,14:48:46,121.445907824,31.198117289,121.445853229,31.1973314024,0,0
1883,14:48:46,121.445907824,31.198117289,121.445853229,31.1973314024,0,0
1884,14:48:47,121.445907824,31.198117289,121.445853229,31.1973314024,0,0
1885,14:48:47,121.445907824,31.198117289,121.445853229,31.1973314024,0,0
1886,14:48:48,121.445907824,31.198117289,121.445853229,31.1973314024,0,0
1887,14:48:48,121.445907824,31.198117289,121.445853229,31.1973314024,0,0
1888,14:48:49,121.445907824,31.198117289,121.445853229,31.1973314024,0,0
1889,14:48:49,121.445907824,31.198117289,121.445853229,31.1973314024,0,0
1890,14:48:50,121.445907824,31.198117289,121.445853229,31.1973314024,0,0
1891,14:48:50,121.445907824,31.198117289,121.445853229,31.1973314024,0,0
1892,14:48:51,121.445907824,31.198117289,121.445853229,31.1973314024,0,0
1893,14:48:51,121.445907824,31.198117289,121.445853229,31.1973314024,0,0
1894,14:48:51,121.445907824,31.198117289,121.445853229,31.1973314024,0,0
1895,14:48:52,121.445907824,31.198117289,121.445853229,31.1973314024,0,0
1896,14:48:52,121.445907824,31.198117289,121.445853229,31.1973314024,0,0
1897,14:48:53,121.445907824,31.198117289,121.445853229,31.1973314024,0,0
1898,14:48:53,121.445907824,31.198117289,121.445853229,31.1973314024,0,0
1899,14:48:54,121.445907824,31.198117289,121.445853229,31.1973314024,0,0
1900,14:48:54,121.445907824,31.198117289,121.445961313,31.1973812422,0,0
1901,14:48:55,121.445907824,31.198117289,121.445961313,31.1973812422,0,0
1902,14:48:55,121.445907824,31.198117289,121.445961313,31.1973812422,0,0
1903,14:48:56,121.445907824,31.198117289,121.445961313,31.1973812422,0,0
1904,14:48:56,121.445907824,31.198117289,121.445961313,31.1973812422,0,0
1905,14:48:57,121.445907824,31.198117289,121.445961313,31.1973812422,0,0
1906,14:48:57,121.445907824,31.198117289,121.445961313,31.1973812422,0,0
1907,14:48:58,121.445907824,31.198117289,121.445961313,31.1973812422,0,0
1908,14:49:27,121.445907824,31.198117289,121.445961313,31.1973812422,0,0
1909,14:49:28,121.445907824,31.198117289,121.445961313,31.1973812422,0,0
1910,14:49:28,121.445907824,31.198117289,121.445961313,31.1973812422,0,0
1911,14:49:29,121.445907824,31.198117289,121.445961313,31.1973812422,0,0
1912,14:49:30,121.445907824,31.198117289,121.445961313,31.1973812422,0,0
1913,14:49:30,121.445907824,31.198117289,121.445961313,31.1973812422,0,0
1914,14:49:31,121.445907824,31.198117289,121.445961313,31.1973812422,0,0
1915,14:49:31,121.445907824,31.198117289,121.445961313,31.1973812422,0,0
1916,14:49:32,121.445907824,31.198117289,121.445961313,31.1973812422,0,0
1917,14:49:32,121.445907824,31.198117289,121.445961313,31.1973812422,0,0
1918,14:49:33,121.445907824,31.198117289,121.445961313,31.1973812422,0,0
1919,14:49:33,121.445907824,31.198117289,121.445961313,31.1973812422,0,0
1920,14:49:34,121.445271701,31.1981268106,121.446309028,31.1977208112,0,0
1921,14:49:34,121.445271701,31.1981268106,121.446309028,31.1977208112,0,0
1922,14:49:35,121.445271701,31.1981268106,121.446309028,31.1977208112,0,0
1923,14:49:36,121.445271701,31.1981268106,121.446309028,31.1977208112,0,0
1924,14:49:36,121.445271701,31.1981268106,121.446309028,31.1977208112,0,0
1925,14:49:36,121.445271701,31.1981268106,121.446309028,31.1977208112,0,0
1926,14:49:37,121.445271701,31.1981268106,121.446309028,31.1977208112,0,0
1927,14:49:37,121.445271701,31.1981268106,121.446309028,31.1977208112,0,0
1928,14:49:38,121.445271701,31.1981268106,121.446309028,31.1977208112,0,0
1929,14:49:38,121.445271701,31.1981268106,121.446309028,31.1977208112,0,0
1930,14:49:39,121.445271701,31.1981268106,121.446309028,31.1977208112,0,0
1931,14:49:39,121.445271701,31.1981268106,121.446309028,31.1977208112,0,0
1932,14:49:40,121.445271701,31.1981268106,121.446309028,31.1977208112,0,0
1933,14:49:40,121.445271701,31.1981268106,121.446309028,31.1977208112,0,0
1934,14:49:41,121.445271701,31.1981268106,121.446309028,31.1977208112,0,0
1935,14:49:41,121.445271701,31.1981268106,121.446309028,31.1977208112,0,0
1936,14:49:42,121.445271701,31.1981268106,121.446309028,31.1977208112,0,0
1937,14:49:42,121.445271701,31.1981268106,121.446309028,31.1977208112,0,0
1938,14:49:43,121.445271701,31.1981268106,121.446309028,31.1977208112,0,0
1939,14:49:43,121.445271701,31.1981268106,121.446309028,31.1977208112,0,0
1940,14:49:44,121.445271701,31.1981268106,121.446350554,31.1978508032,0,0
1941,14:49:44,121.445271701,31.1981268106,121.446350554,31.1978508032,0,0
1942,14:49:45,121.445271701,31.1981268106,121.446350554,31.1978508032,0,0
1943,14:49:45,121.445271701,31.1981268106,121.446350554,31.1978508032,0,0
1944,14:49:46,121.445271701,31.1981268106,121.446350554,31.1978508032,0,0
1945,14:49:46,121.445271701,31.1981268106,121.446350554,31.1978508032,0,0
1946,14:49:47,121.445271701,31.1981268106,121.446350554,31.1978508032,0,0
1947,14:49:47,121.445271701,31.1981268106,121.446350554,31.1978508032,0,0
1948,14:49:48,121.445271701,31.1981268106,121.446350554,31.1978508032,0,0
1949,14:49:48,121.445271701,31.1981268106,121.446350554,31.1978508032,0,0
1950,14:49:48,121.445271701,31.1981268106,121.446350554,31.1978508032,0,0
1951,14:49:49,121.445271701,31.1981268106,121.446350554,31.1978508032,0,0
1952,14:49:49,121.445271701,31.1981268106,121.446350554,31.1978508032,0,0
1953,14:49:50,121.445271701,31.1981268106,121.446350554,31.1978508032,0,0
1954,14:49:50,121.445271701,31.1981268106,121.446350554,31.1978508032,0,0
1955,14:49:51,121.445271701,31.1981268106,121.446350554,31.1978508032,0,0
1956,14:49:51,121.445271701,31.1981268106,121.446350554,31.1978508032,0,0
1957,14:49:52,121.445271701,31.1981268106,121.446350554,31.1978508032,0,0
1958,14:49:52,121.445271701,31.1981268106,121.446350554,31.1978508032,0,0
1959,14:49:53,121.445271701,31.1981268106,121.446350554,31.1978508032,0,0
1960,14:49:53,121.446465909,31.1980731292,121.446561813,31.1978154205,0,0
1961,14:49:54,121.446465909,31.1980731292,121.446561813,31.1978154205,0,0
1962,14:49:54,121.446465909,31.1980731292,121.446561813,31.1978154205,0,0
1963,14:49:55,121.446465909,31.1980731292,121.446561813,31.1978154205,0,0
1964,14:49:55,121.446465909,31.1980731292,121.446561813,31.1978154205,0,0
1965,14:49:56,121.446465909,31.1980731292,121.446561813,31.1978154205,0,0
1966,14:49:56,121.446465909,31.1980731292,121.446561813,31.1978154205,0,0
1967,14:49:57,121.446465909,31.1980731292,121.446561813,31.1978154205,0,0
1968,14:49:57,121.446465909,31.1980731292,121.446561813,31.1978154205,0,0
1969,14:49:58,121.446465909,31.1980731292,121.446561813,31.1978154205,0,0
1970,14:49:58,121.446465909,31.1980731292,121.446561813,31.1978154205,0,0
1971,14:49:59,121.446465909,31.1980731292,121.446561813,31.1978154205,0,0
1972,14:49:59,121.446465909,31.1980731292,121.446561813,31.1978154205,0,0
1973,14:50:00,121.446465909,31.1980731292,121.446561813,31.1978154205,0,0
1974,14:50:00,121.446465909,31.1980731292,121.446561813,31.1978154205,0,0
1975,14:50:00,121.446465909,31.1980731292,121.446561813,31.1978154205,0,0
1976,14:50:01,121.446465909,31.1980731292,121.446561813,31.1978154205,0,0
1977,14:50:01,121.446465909,31.1980731292,121.446561813,31.1978154205,0,0
1978,14:50:02,121.446465909,31.1980731292,121.446561813,31.1978154205,0,0
1979,14:50:02,121.446465909,31.1980731292,121.446561813,31.1978154205,0,0
1980,14:50:03,121.445907824,31.198117289,121.446663304,31.1978302515,0,0
1981,14:50:03,121.445907824,31.198117289,121.446663304,31.1978302515,0,0
1982,14:50:04,121.445907824,31.198117289,121.446663304,31.1978302515,0,0
1983,14:50:04,121.445907824,31.198117289,121.446663304,31.1978302515,0,0
1984,14:50:05,121.445907824,31.198117289,121.446663304,31.1978302515,0,0
1985,14:50:05,121.445907824,31.198117289,121.446663304,31.1978302515,0,0
1986,14:50:06,121.445907824,31.198117289,121.446663304,31.1978302515,0,0
1987,14:50:06,121.445907824,31.198117289,121.446663304,31.1978302515,0,0
1988,14:50:07,121.445907824,31.198117289,121.446663304,31.1978302515,0,0
1989,14:50:07,121.445907824,31.198117289,121.446663304,31.1978302515,0,0
1990,14:50:08,121.445907824,31.198117289,121.446663304,31.1978302515,0,0
1991,14:50:08,121.445907824,31.198117289,121.446663304,31.1978302515,0,0
1992,14:50:09,121.445907824,31.198117289,121.446663304,31.1978302515,0,0
1993,14:50:09,121.445907824,31.198117289,121.446663304,31.1978302515,0,0
1994,14:50:10,121.445907824,31.198117289,121.446663304,31.1978302515,0,0
1995,14:50:10,121.445907824,31.198117289,121.446663304,31.1978302515,0,0
1996,14:50:11,121.445907824,31.198117289,121.446663304,31.1978302515,0,0
1997,14:50:11,121.445907824,31.198117289,121.446663304,31.1978302515,0,0
1998,14:50:12,121.445907824,31.198117289,121.446663304,31.1978302515,0,0
1999,14:50:12,121.445907824,31.198117289,121.446663304,31.1978302515,0,0
2000,14:50:12,121.44709802,31.1983445435,121.44672977,31.1978851628,0,0
2001,14:50:13,121.44709802,31.1983445435,121.44672977,31.1978851628,0,0
2002,14:50:14,121.44709802,31.1983445435,121.44672977,31.1978851628,0,0
2003,14:50:14,121.44709802,31.1983445435,121.44672977,31.1978851628,0,0
2004,14:50:15,121.44709802,31.1983445435,121.44672977,31.1978851628,0,0
2005,14:50:15,121.44709802,31.1983445435,121.44672977,31.1978851628,0,0
2006,14:50:16,121.44709802,31.1983445435,121.44672977,31.1978851628,0,0
2007,14:50:16,121.44709802,31.1983445435,121.44672977,31.1978851628,0,0
2008,14:50:17,121.44709802,31.1983445435,121.44672977,31.1978851628,0,0
2009,14:50:17,121.44709802,31.1983445435,121.44672977,31.1978851628,0,0
2010,14:50:18,121.44709802,31.1983445435,121.44672977,31.1978851628,0,0
2011,14:50:18,121.44709802,31.1983445435,121.44672977,31.1978851628,0,0
2012,14:50:19,121.44709802,31.1983445435,121.44672977,31.1978851628,0,0
2013,14:50:19,121.44709802,31.1983445435,121.44672977,31.1978851628,0,0
2014,14:50:20,121.44709802,31.1983445435,121.44672977,31.1978851628,0,0
2015,14:50:20,121.44709802,31.1983445435,121.44672977,31.1978851628,0,0
2016,14:50:21,121.44709802,31.1983445435,121.44672977,31.1978851628,0,0
2017,14:50:21,121.44709802,31.1983445435,121.44672977,31.1978851628,0,0
2018,14:50:22,121.44709802,31.1983445435,121.44672977,31.1978851628,0,0
2019,14:50:22,121.44709802,31.1983445435,121.44672977,31.1978851628,0,0
2020,14:50:23,121.44709802,31.1983445435,121.446844538,31.1979616701,0,0
2021,14:50:23,121.44709802,31.1983445435,121.446844538,31.1979616701,0,0
2022,14:50:23,121.44709802,31.1983445435,121.446844538,31.1979616701,0,0
2023,14:50:24,121.44709802,31.1983445435,121.446844538,31.1979616701,0,0
2024,14:50:24,121.44709802,31.1983445435,121.446844538,31.1979616701,0,0
2025,14:50:25,121.44709802,31.1983445435,121.446844538,31.1979616701,0,0
2026,14:50:25,121.44709802,31.1983445435,121.446844538,31.1979616701,0,0
2027,14:50:26,121.44709802,31.1983445435,121.446844538,31.1979616701,0,0
2028,14:50:26,121.44709802,31.1983445435,121.446844538,31.1979616701,0,0
2029,14:50:27,121.44709802,31.1983445435,121.446844538,31.1979616701,0,0
2030,14:50:27,121.44709802,31.1983445435,121.446844538,31.1979616701,0,0
2031,14:50:28,121.44709802,31.1983445435,121.446844538,31.1979616701,0,0
2032,14:50:28,121.44709802,31.1983445435,121.446844538,31.1979616701,0,0
2033,14:50:29,121.44709802,31.1983445435,121.446844538,31.1979616701,0,0
2034,14:50:29,121.44709802,31.1983445435,121.446844538,31.1979616701,0,0
2035,14:50:30,121.44709802,31.1983445435,121.446844538,31.1979616701,0,0
2036,14:50:30,121.44709802,31.1983445435,121.446844538,31.1979616701,0,0
2037,14:50:31,121.44709802,31.1983445435,121.446844538,31.1979616701,0,0
2038,14:50:31,121.44709802,31.1983445435,121.446844538,31.1979616701,0,0
2039,14:50:32,121.44709802,31.1983445435,121.446844538,31.1979616701,0,0
2040,14:50:32,121.44709802,31.1983445435,121.446964291,31.1980081436,0,0
2041,14:50:33,121.44709802,31.1983445435,121.446964291,31.1980081436,0,0
2042,14:50:33,121.44709802,31.1983445435,121.446964291,31.1980081436,0,0
2043,14:50:34,121.44709802,31.1983445435,121.446964291,31.1980081436,0,0
2044,14:50:34,121.44709802,31.1983445435,121.446964291,31.1980081436,0,0
2045,14:50:34,121.44709802,31.1983445435,121.446964291,31.1980081436,0,0
2046,14:50:35,121.44709802,31.1983445435,121.446964291,31.1980081436,0,0
2047,14:50:35,121.44709802,31.1983445435,121.446964291,31.1980081436,0,0
2048,14:50:36,121.44709802,31.1983445435,121.446964291,31.1980081436,0,0
2049,14:50:36,121.44709802,31.1983445435,121.446964291,31.1980081436,0,0
2050,14:50:37,121.44709802,31.1983445435,121.446964291,31.1980081436,0,0
2051,14:50:37,121.44709802,31.1983445435,121.446964291,31.1980081436,0,0
2052,14:50:38,121.44709802,31.1983445435,121.446964291,31.1980081436,0,0
2053,14:50:38,121.44709802,31.1983445435,121.446964291,31.1980081436,0,0
2054,14:50:39,121.44709802,31.1983445435,121.446964291,31.1980081436,0,0
2055,14:50:39,121.44709802,31.1983445435,121.446964291,31.1980081436,0,0
2056,14:50:40,121.44709802,31.1983445435,121.446964291,31.1980081436,0,0
2057,14:50:40,121.44709802,31.1983445435,121.446964291,31.1980081436,0,0
2058,14:50:41,121.44709802,31.1983445435,121.446964291,31.1980081436,0,0
2059,14:50:41,121.44709802,31.1983445435,121.446964291,31.1980081436,0,0
2060,14:50:42,121.446465909,31.1980731292,121.447064087,31.1980629955,0,0
2061,14:50:42,121.446465909,31.1980731292,121.447064087,31.1980629955,0,0
2062,14:50:43,121.446465909,31.1980731292,121.447064087,31.1980629955,0,0
2063,14:50:43,121.446465909,31.1980731292,121.447064087,31.1980629955,0,0
2064,14:50:44,121.446465909,31.1980731292,121.447064087,31.1980629955,0,0
2065,14:50:44,121.446465909,31.1980731292,121.447064087,31.1980629955,0,0
2066,14:50:45,121.446465909,31.1980731292,121.447064087,31.1980629955,0,0
2067,14:50:45,121.446465909,31.1980731292,121.447064087,31.1980629955,0,0
2068,14:50:46,121.446465909,31.1980731292,121.447064087,31.1980629955,0,0
2069,14:50:46,121.446465909,31.1980731292,121.447064087,31.1980629955,0,0
2070,14:50:46,121.446465909,31.1980731292,121.447064087,31.1980629955,0,0
2071,14:50:47,121.446465909,31.1980731292,121.447064087,31.1980629955,0,0
2072,14:50:47,121.446465909,31.1980731292,121.447064087,31.1980629955,0,0
2073,14:50:48,121.446465909,31.1980731292,121.447064087,31.1980629955,0,0
2074,14:50:48,121.446465909,31.1980731292,121.447064087,31.1980629955,0,0
2075,14:50:49,121.446465909,31.1980731292,121.447064087,31.1980629955,0,0
2076,14:50:49,121.446465909,31.1980731292,121.447064087,31.1980629955,0,0
2077,14:50:50,121.446465909,31.1980731292,121.447064087,31.1980629955,0,0
2078,14:50:50,121.446465909,31.1980731292,121.447064087,31.1980629955,0,0
2079,14:50:51,121.446465909,31.1980731292,121.447064087,31.1980629955,0,0
2080,14:50:51,121.446465909,31.1980731292,121.447195517,31.1981327988,0,0
2081,14:50:52,121.446465909,31.1980731292,121.447195517,31.1981327988,0,0
2082,14:50:52,121.446465909,31.1980731292,121.447195517,31.1981327988,0,0
2083,14:50:53,121.446465909,31.1980731292,121.447195517,31.1981327988,0,0
2084,14:50:53,121.446465909,31.1980731292,121.447195517,31.1981327988,0,0
2085,14:50:54,121.446465909,31.1980731292,121.447195517,31.1981327988,0,0
2086,14:50:54,121.446465909,31.1980731292,121.447195517,31.1981327988,0,0
2087,14:50:55,121.446465909,31.1980731292,121.447195517,31.1981327988,0,0
2088,14:50:55,121.446465909,31.1980731292,121.447195517,31.1981327988,0,0
2089,14:50:56,121.446465909,31.1980731292,121.447195517,31.1981327988,0,0
2090,14:50:56,121.446465909,31.1980731292,121.447195517,31.1981327988,0,0
2091,14:50:57,121.446465909,31.1980731292,121.447195517,31.1981327988,0,0
2092,14:50:57,121.446465909,31.1980731292,121.447195517,31.1981327988,0,0
2093,14:50:58,121.446465909,31.1980731292,121.447195517,31.1981327988,0,0
2094,14:50:58,121.446465909,31.1980731292,121.447195517,31.1981327988,0,0
2095,14:50:58,121.446465909,31.1980731292,121.447195517,31.1981327988,0,0
2096,14:50:59,121.446465909,31.1980731292,121.447195517,31.1981327988,0,0
2097,14:50:59,121.446465909,31.1980731292,121.447195517,31.1981327988,0,0
2098,14:51:00,121.446465909,31.1980731292,121.447195517,31.1981327988,0,0
2099,14:51:00,121.446465909,31.1980731292,121.447195517,31.1981327988,0,0
2100,14:51:01,121.447697983,31.1982272302,121.447290324,31.1982160125,0,0
2101,14:51:01,121.447697983,31.1982272302,121.447290324,31.1982160125,0,0
2102,14:51:02,121.447697983,31.1982272302,121.447290324,31.1982160125,0,0
2103,14:51:02,121.447697983,31.1982272302,121.447290324,31.1982160125,0,0
2104,14:51:03,121.447697983,31.1982272302,121.447290324,31.1982160125,0,0
2105,14:51:03,121.447697983,31.1982272302,121.447290324,31.1982160125,0,0
2106,14:51:04,121.447697983,31.1982272302,121.447290324,31.1982160125,0,0
2107,14:51:04,121.447697983,31.1982272302,121.447290324,31.1982160125,0,0
2108,14:51:05,121.447697983,31.1982272302,121.447290324,31.1982160125,0,0
2109,14:51:05,121.447697983,31.1982272302,121.447290324,31.1982160125,0,0
2110,14:51:06,121.447697983,31.1982272302,121.447290324,31.1982160125,0,0
2111,14:51:06,121.447697983,31.1982272302,121.447290324,31.1982160125,0,0
2112,14:51:07,121.447697983,31.1982272302,121.447290324,31.1982160125,0,0
2113,14:51:07,121.447697983,31.1982272302,121.447290324,31.1982160125,0,0
2114,14:51:08,121.447697983,31.1982272302,121.447290324,31.1982160125,0,0
2115,14:51:08,121.447697983,31.1982272302,121.447290324,31.1982160125,0,0
2116,14:51:09,121.447697983,31.1982272302,121.447290324,31.1982160125,0,0
2117,14:51:09,121.447697983,31.1982272302,121.447290324,31.1982160125,0,0
2118,14:51:10,121.447697983,31.1982272302,121.447290324,31.1982160125,0,0
2119,14:51:10,121.447697983,31.1982272302,121.447290324,31.1982160125,0,0
2120,14:51:11,121.449561094,31.1989416886,121.447361881,31.1983059301,0,0
2121,14:51:11,121.449561094,31.1989416886,121.447361881,31.1983059301,0,0
2122,14:51:11,121.449561094,31.1989416886,121.447361881,31.1983059301,0,0
2123,14:51:12,121.449561094,31.1989416886,121.447361881,31.1983059301,0,0
2124,14:51:12,121.449561094,31.1989416886,121.447361881,31.1983059301,0,0
2125,14:51:13,121.449561094,31.1989416886,121.447361881,31.1983059301,0,0
2126,14:51:13,121.449561094,31.1989416886,121.447361881,31.1983059301,0,0
2127,14:51:14,121.449561094,31.1989416886,121.447361881,31.1983059301,0,0
2128,14:51:14,121.449561094,31.1989416886,121.447361881,31.1983059301,0,0
2129,14:51:15,121.449561094,31.1989416886,121.447361881,31.1983059301,0,0
2130,14:51:15,121.449561094,31.1989416886,121.447361881,31.1983059301,0,0
2131,14:51:16,121.449561094,31.1989416886,121.447361881,31.1983059301,0,0
2132,14:51:16,121.449561094,31.1989416886,121.447361881,31.1983059301,0,0
2133,14:51:17,121.449561094,31.1989416886,121.447361881,31.1983059301,0,0
2134,14:51:17,121.449561094,31.1989416886,121.447361881,31.1983059301,0,0
2135,14:51:18,121.449561094,31.1989416886,121.447361881,31.1983059301,0,0
2136,14:51:18,121.449561094,31.1989416886,121.447361881,31.1983059301,0,0
2137,14:51:19,121.449561094,31.1989416886,121.447361881,31.1983059301,0,0
2138,14:51:19,121.449561094,31.1989416886,121.447361881,31.1983059301,0,0
2139,14:51:20,121.449561094,31.1989416886,121.447361881,31.1983059301,0,0
2140,14:51:20,121.450469446,31.1986854755,121.447573029,31.1982471878,0,0
2141,14:51:21,121.450469446,31.1986854755,121.447573029,31.1982471878,0,0
2142,14:51:21,121.450469446,31.1986854755,121.447573029,31.1982471878,0,0
2143,14:51:22,121.450469446,31.1986854755,121.447573029,31.1982471878,0,0
2144,14:51:22,121.450469446,31.1986854755,121.447573029,31.1982471878,0,0
2145,14:51:23,121.450469446,31.1986854755,121.447573029,31.1982471878,0,0
2146,14:51:23,121.450469446,31.1986854755,121.447573029,31.1982471878,0,0
2147,14:51:23,121.450469446,31.1986854755,121.447573029,31.1982471878,0,0
2148,14:51:24,121.450469446,31.1986854755,121.447573029,31.1982471878,0,0
2149,14:51:24,121.450469446,31.1986854755,121.447573029,31.1982471878,0,0
2150,14:51:25,121.450469446,31.1986854755,121.447573029,31.1982471878,0,0
2151,14:51:25,121.450469446,31.1986854755,121.447573029,31.1982471878,0,0
2152,14:51:26,121.450469446,31.1986854755,121.447573029,31.1982471878,0,0
2153,14:51:26,121.450469446,31.1986854755,121.447573029,31.1982471878,0,0
2154,14:51:27,121.450469446,31.1986854755,121.447573029,31.1982471878,0,0
2155,14:51:27,121.450469446,31.1986854755,121.447573029,31.1982471878,0,0
2156,14:51:28,121.450469446,31.1986854755,121.447573029,31.1982471878,0,0
2157,14:51:28,121.450469446,31.1986854755,121.447573029,31.1982471878,0,0
2158,14:51:29,121.450469446,31.1986854755,121.447573029,31.1982471878,0,0
2159,14:51:29,121.450469446,31.1986854755,121.447573029,31.1982471878,0,0
2160,14:51:30,121.44926059,31.1988499093,121.447741071,31.1982402257,0,0
2161,14:51:30,121.44926059,31.1988499093,121.447741071,31.1982402257,0,0
2162,14:51:31,121.44926059,31.1988499093,121.447741071,31.1982402257,0,0
2163,14:51:31,121.44926059,31.1988499093,121.447741071,31.1982402257,0,0
2164,14:51:32,121.44926059,31.1988499093,121.447741071,31.1982402257,0,0
2165,14:51:32,121.44926059,31.1988499093,121.447741071,31.1982402257,0,0
2166,14:51:33,121.44926059,31.1988499093,121.447741071,31.1982402257,0,0
2167,14:51:33,121.44926059,31.1988499093,121.447741071,31.1982402257,0,0
2168,14:51:34,121.44926059,31.1988499093,121.447741071,31.1982402257,0,0
2169,14:51:34,121.44926059,31.1988499093,121.447741071,31.1982402257,0,0
2170,14:51:35,121.44926059,31.1988499093,121.447741071,31.1982402257,0,0
2171,14:51:35,121.44926059,31.1988499093,121.447741071,31.1982402257,0,0
2172,14:51:35,121.44926059,31.1988499093,121.447741071,31.1982402257,0,0
2173,14:51:36,121.44926059,31.1988499093,121.447741071,31.1982402257,0,0
2174,14:51:36,121.44926059,31.1988499093,121.447741071,31.1982402257,0,0
2175,14:51:37,121.44926059,31.1988499093,121.447741071,31.1982402257,0,0
2176,14:51:37,121.44926059,31.1988499093,121.447741071,31.1982402257,0,0
2177,14:51:38,121.44926059,31.1988499093,121.447741071,31.1982402257,0,0
2178,14:51:38,121.44926059,31.1988499093,121.447741071,31.1982402257,0,0
2179,14:51:39,121.44926059,31.1988499093,121.447741071,31.1982402257,0,0
2180,14:51:39,121.447697983,31.1982272302,121.447817516,31.198333465,0,0
2181,14:51:40,121.447697983,31.1982272302,121.447817516,31.198333465,0,0
2182,14:51:40,121.447697983,31.1982272302,121.447817516,31.198333465,0,0
2183,14:51:41,121.447697983,31.1982272302,121.447817516,31.198333465,0,0
2184,14:51:41,121.447697983,31.1982272302,121.447817516,31.198333465,0,0
2185,14:51:42,121.447697983,31.1982272302,121.447817516,31.198333465,0,0
2186,14:51:42,121.447697983,31.1982272302,121.447817516,31.198333465,0,0
2187,14:51:43,121.447697983,31.1982272302,121.447817516,31.198333465,0,0
2188,14:51:43,121.447697983,31.1982272302,121.447817516,31.198333465,0,0
2189,14:51:44,121.447697983,31.1982272302,121.447817516,31.198333465,0,0
2190,14:51:44,121.447697983,31.1982272302,121.447817516,31.198333465,0,0
2191,14:51:45,121.447697983,31.1982272302,121.447817516,31.198333465,0,0
2192,14:51:45,121.447697983,31.1982272302,121.447817516,31.198333465,0,0
2193,14:51:46,121.447697983,31.1982272302,121.447817516,31.198333465,0,0
2194,14:51:46,121.447697983,31.1982272302,121.447817516,31.198333465,0,0
2195,14:51:46,121.447697983,31.1982272302,121.447817516,31.198333465,0,0
2196,14:51:47,121.447697983,31.1982272302,121.447817516,31.198333465,0,0
2197,14:51:47,121.447697983,31.1982272302,121.447817516,31.198333465,0,0
2198,14:51:48,121.447697983,31.1982272302,121.447817516,31.198333465,0,0
2199,14:51:48,121.447697983,31.1982272302,121.447817516,31.198333465,0,0
2200,14:51:49,121.447697983,31.1982272302,121.447830897,31.1984384924,0,0
2201,14:51:49,121.447697983,31.1982272302,121.447830897,31.1984384924,0,0
2202,14:51:50,121.447697983,31.1982272302,121.447830897,31.1984384924,0,0
2203,14:51:50,121.447697983,31.1982272302,121.447830897,31.1984384924,0,0
2204,14:51:51,121.447697983,31.1982272302,121.447830897,31.1984384924,0,0
2205,14:51:51,121.447697983,31.1982272302,121.447830897,31.1984384924,0,0
2206,14:51:52,121.447697983,31.1982272302,121.447830897,31.1984384924,0,0
2207,14:51:52,121.447697983,31.1982272302,121.447830897,31.1984384924,0,0
2208,14:51:53,121.447697983,31.1982272302,121.447830897,31.1984384924,0,0
2209,14:51:53,121.447697983,31.1982272302,121.447830897,31.1984384924,0,0
2210,14:51:54,121.447697983,31.1982272302,121.447830897,31.1984384924,0,0
2211,14:51:54,121.447697983,31.1982272302,121.447830897,31.1984384924,0,0
2212,14:51:55,121.447697983,31.1982272302,121.447830897,31.1984384924,0,0
2213,14:51:55,121.447697983,31.1982272302,121.447830897,31.1984384924,0,0
2214,14:51:56,121.447697983,31.1982272302,121.447830897,31.1984384924,0,0
2215,14:51:56,121.447697983,31.1982272302,121.447830897,31.1984384924,0,0
2216,14:51:57,121.447697983,31.1982272302,121.447830897,31.1984384924,0,0
2217,14:51:57,121.447697983,31.1982272302,121.447830897,31.1984384924,0,0
2218,14:51:58,121.447697983,31.1982272302,121.447830897,31.1984384924,0,0
2219,14:51:58,121.447697983,31.1982272302,121.447830897,31.1984384924,0,0
2220,14:51:58,121.450469446,31.1986854755,121.447945657,31.1985016482,0,0
2221,14:51:59,121.450469446,31.1986854755,121.447945657,31.1985016482,0,0
2222,14:52:00,121.450469446,31.1986854755,121.447945657,31.1985016482,0,0
2223,14:52:00,121.450469446,31.1986854755,121.447945657,31.1985016482,0,0
2224,14:52:00,121.450469446,31.1986854755,121.447945657,31.1985016482,0,0
2225,14:52:01,121.450469446,31.1986854755,121.447945657,31.1985016482,0,0
2226,14:52:01,121.450469446,31.1986854755,121.447945657,31.1985016482,0,0
2227,14:52:02,121.450469446,31.1986854755,121.447945657,31.1985016482,0,0
2228,14:52:02,121.450469446,31.1986854755,121.447945657,31.1985016482,0,0
2229,14:52:03,121.450469446,31.1986854755,121.447945657,31.1985016482,0,0
2230,14:52:03,121.450469446,31.1986854755,121.447945657,31.1985016482,0,0
2231,14:52:04,121.450469446,31.1986854755,121.447945657,31.1985016482,0,0
2232,14:52:04,121.450469446,31.1986854755,121.447945657,31.1985016482,0,0
2233,14:52:05,121.450469446,31.1986854755,121.447945657,31.1985016482,0,0
2234,14:52:05,121.450469446,31.1986854755,121.447945657,31.1985016482,0,0
2235,14:52:06,121.450469446,31.1986854755,121.447945657,31.1985016482,0,0
2236,14:52:06,121.450469446,31.1986854755,121.447945657,31.1985016482,0,0
2237,14:52:07,121.450469446,31.1986854755,121.447945657,31.1985016482,0,0
2238,14:52:07,121.450469446,31.1986854755,121.447945657,31.1985016482,0,0
2239,14:52:08,121.450469446,31.1986854755,121.447945657,31.1985016482,0,0
2240,14:52:08,121.449561094,31.1989416886,121.448160194,31.1984679171,0,0
2241,14:52:09,121.449561094,31.1989416886,121.448160194,31.1984679171,0,0
2242,14:52:09,121.449561094,31.1989416886,121.448160194,31.1984679171,0,0
2243,14:52:10,121.449561094,31.1989416886,121.448160194,31.1984679171,0,0
2244,14:52:10,121.449561094,31.1989416886,121.448160194,31.1984679171,0,0
2245,14:52:10,121.449561094,31.1989416886,121.448160194,31.1984679171,0,0
2246,14:52:11,121.449561094,31.1989416886,121.448160194,31.1984679171,0,0
2247,14:52:11,121.449561094,31.1989416886,121.448160194,31.1984679171,0,0
2248,14:52:12,121.449561094,31.1989416886,121.448160194,31.1984679171,0,0
2249,14:52:12,121.449561094,31.1989416886,121.448160194,31.1984679171,0,0
2250,14:52:13,121.449561094,31.1989416886,121.448160194,31.1984679171,0,0
2251,14:52:13,121.449561094,31.1989416886,121.448160194,31.1984679171,0,0
2252,14:52:14,121.449561094,31.1989416886,121.448160194,31.1984679171,0,0
2253,14:52:14,121.449561094,31.1989416886,121.448160194,31.1984679171,0,0
2254,14:52:15,121.449561094,31.1989416886,121.448160194,31.1984679171,0,0
2255,14:52:15,121.449561094,31.1989416886,121.448160194,31.1984679171,0,0
2256,14:52:16,121.449561094,31.1989416886,121.448160194,31.1984679171,0,0
2257,14:52:16,121.449561094,31.1989416886,121.448160194,31.1984679171,0,0
2258,14:52:17,121.449561094,31.1989416886,121.448160194,31.1984679171,0,0
2259,14:52:17,121.449561094,31.1989416886,121.448160194,31.1984679171,0,0
2260,14:52:18,121.450469446,31.1986854755,121.448341401,31.1984325736,0,0
2261,14:52:18,121.450469446,31.1986854755,121.448341401,31.1984325736,0,0
2262,14:52:19,121.450469446,31.1986854755,121.448341401,31.1984325736,0,0
2263,14:52:19,121.450469446,31.1986854755,121.448341401,31.1984325736,0,0
2264,14:52:20,121.450469446,31.1986854755,121.448341401,31.1984325736,0,0
2265,14:52:20,121.450469446,31.1986854755,121.448341401,31.1984325736,0,0
2266,14:52:21,121.450469446,31.1986854755,121.448341401,31.1984325736,0,0
2267,14:52:21,121.450469446,31.1986854755,121.448341401,31.1984325736,0,0
2268,14:52:22,121.450469446,31.1986854755,121.448341401,31.1984325736,0,0
2269,14:52:22,121.450469446,31.1986854755,121.448341401,31.1984325736,0,0
2270,14:52:22,121.450469446,31.1986854755,121.448341401,31.1984325736,0,0
2271,14:52:23,121.450469446,31.1986854755,121.448341401,31.1984325736,0,0
2272,14:52:23,121.450469446,31.1986854755,121.448341401,31.1984325736,0,0
2273,14:52:24,121.450469446,31.1986854755,121.448341401,31.1984325736,0,0
2274,14:52:24,121.450469446,31.1986854755,121.448341401,31.1984325736,0,0
2275,14:52:25,121.450469446,31.1986854755,121.448341401,31.1984325736,0,0
2276,14:52:25,121.450469446,31.1986854755,121.448341401,31.1984325736,0,0
2277,14:52:26,121.450469446,31.1986854755,121.448341401,31.1984325736,0,0
2278,14:52:26,121.450469446,31.1986854755,121.448341401,31.1984325736,0,0
2279,14:52:27,121.450469446,31.1986854755,121.448341401,31.1984325736,0,0
2280,14:52:27,121.449561094,31.1989416886,121.448501055,31.1984239508,0,0
2281,14:52:28,121.449561094,31.1989416886,121.448501055,31.1984239508,0,0
2282,14:52:28,121.449561094,31.1989416886,121.448501055,31.1984239508,0,0
2283,14:52:29,121.449561094,31.1989416886,121.448501055,31.1984239508,0,0
2284,14:52:29,121.449561094,31.1989416886,121.448501055,31.1984239508,0,0
2285,14:52:30,121.449561094,31.1989416886,121.448501055,31.1984239508,0,0
2286,14:52:31,121.449561094,31.1989416886,121.448501055,31.1984239508,0,0
2287,14:52:31,121.449561094,31.1989416886,121.448501055,31.1984239508,0,0
2288,14:52:31,121.449561094,31.1989416886,121.448501055,31.1984239508,0,0
2289,14:53:01,121.449561094,31.1989416886,121.448501055,31.1984239508,0,0
2290,14:53:01,121.449561094,31.1989416886,121.448501055,31.1984239508,0,0
2291,14:53:02,121.449561094,31.1989416886,121.448501055,31.1984239508,0,0
2292,14:53:02,121.449561094,31.1989416886,121.448501055,31.1984239508,0,0
2293,14:53:03,121.449561094,31.1989416886,121.448501055,31.1984239508,0,0
2294,14:53:03,121.449561094,31.1989416886,121.448501055,31.1984239508,0,0
2295,14:53:04,121.449561094,31.1989416886,121.448501055,31.1984239508,0,0
2296,14:53:04,121.449561094,31.1989416886,121.448501055,31.1984239508,0,0
2297,14:53:05,121.449561094,31.1989416886,121.448501055,31.1984239508,0,0
2298,14:53:05,121.449561094,31.1989416886,121.448501055,31.1984239508,0,0
2299,14:53:06,121.449561094,31.1989416886,121.448501055,31.1984239508,0,0
2300,14:53:06,121.447697983,31.1982272302,121.448920162,31.1986382932,0,0
2301,14:53:07,121.447697983,31.1982272302,121.448920162,31.1986382932,0,0
2302,14:53:07,121.447697983,31.1982272302,121.448920162,31.1986382932,0,0
2303,14:53:08,121.447697983,31.1982272302,121.448920162,31.1986382932,0,0
2304,14:53:08,121.447697983,31.1982272302,121.448920162,31.1986382932,0,0
2305,14:53:09,121.447697983,31.1982272302,121.448920162,31.1986382932,0,0
2306,14:53:09,121.447697983,31.1982272302,121.448920162,31.1986382932,0,0
2307,14:53:10,121.447697983,31.1982272302,121.448920162,31.1986382932,0,0
2308,14:53:10,121.447697983,31.1982272302,121.448920162,31.1986382932,0,0
2309,14:53:11,121.447697983,31.1982272302,121.448920162,31.1986382932,0,0
2310,14:53:11,121.447697983,31.1982272302,121.448920162,31.1986382932,0,0
2311,14:53:12,121.447697983,31.1982272302,121.448920162,31.1986382932,0,0
2312,14:53:12,121.447697983,31.1982272302,121.448920162,31.1986382932,0,0
2313,14:53:13,121.447697983,31.1982272302,121.448920162,31.1986382932,0,0
2314,14:53:13,121.447697983,31.1982272302,121.448920162,31.1986382932,0,0
2315,14:53:14,121.447697983,31.1982272302,121.448920162,31.1986382932,0,0
2316,14:53:14,121.447697983,31.1982272302,121.448920162,31.1986382932,0,0
2317,14:53:15,121.447697983,31.1982272302,121.448920162,31.1986382932,0,0
2318,14:53:15,121.447697983,31.1982272302,121.448920162,31.1986382932,0,0
2319,14:53:16,121.447697983,31.1982272302,121.448920162,31.1986382932,0,0
2320,14:53:16,121.449561094,31.1989416886,121.449036615,31.1987314557,0,0
2321,14:53:17,121.449561094,31.1989416886,121.449036615,31.1987314557,0,0
2322,14:53:17,121.449561094,31.1989416886,121.449036615,31.1987314557,0,0
2323,14:53:18,121.449561094,31.1989416886,121.449036615,31.1987314557,0,0
2324,14:53:18,121.449561094,31.1989416886,121.449036615,31.1987314557,0,0
2325,14:53:18,121.449561094,31.1989416886,121.449036615,31.1987314557,0,0
2326,14:53:19,121.449561094,31.1989416886,121.449036615,31.1987314557,0,0
2327,14:53:19,121.449561094,31.1989416886,121.449036615,31.1987314557,0,0
2328,14:53:20,121.449561094,31.1989416886,121.449036615,31.1987314557,0,0
2329,14:53:20,121.449561094,31.1989416886,121.449036615,31.1987314557,0,0
2330,14:53:21,121.449561094,31.1989416886,121.449036615,31.1987314557,0,0
2331,14:53:21,121.449561094,31.1989416886,121.449036615,31.1987314557,0,0
2332,14:53:22,121.449561094,31.1989416886,121.449036615,31.1987314557,0,0
2333,14:53:22,121.449561094,31.1989416886,121.449036615,31.1987314557,0,0
2334,14:53:23,121.449561094,31.1989416886,121.449036615,31.1987314557,0,0
2335,14:53:23,121.449561094,31.1989416886,121.449036615,31.1987314557,0,0
2336,14:53:24,121.449561094,31.1989416886,121.449036615,31.1987314557,0,0
2337,14:53:24,121.449561094,31.1989416886,121.449036615,31.1987314557,0,0
2338,14:53:25,121.449561094,31.1989416886,121.449036615,31.1987314557,0,0
2339,14:53:25,121.449561094,31.1989416886,121.449036615,31.1987314557,0,0
2340,14:53:26,121.449561094,31.1989416886,121.449143087,31.1987912897,0,0
2341,14:53:26,121.449561094,31.1989416886,121.449143087,31.1987912897,0,0
2342,14:53:27,121.449561094,31.1989416886,121.449143087,31.1987912897,0,0
2343,14:53:27,121.449561094,31.1989416886,121.449143087,31.1987912897,0,0
2344,14:53:28,121.449561094,31.1989416886,121.449143087,31.1987912897,0,0
2345,14:53:28,121.449561094,31.1989416886,121.449143087,31.1987912897,0,0
2346,14:53:29,121.449561094,31.1989416886,121.449143087,31.1987912897,0,0
2347,14:53:29,121.449561094,31.1989416886,121.449143087,31.1987912897,0,0
2348,14:53:30,121.449561094,31.1989416886,121.449143087,31.1987912897,0,0
2349,14:53:30,121.449561094,31.1989416886,121.449143087,31.1987912897,0,0
2350,14:53:30,121.449561094,31.1989416886,121.449143087,31.1987912897,0,0
2351,14:53:31,121.449561094,31.1989416886,121.449143087,31.1987912897,0,0
2352,14:53:31,121.449561094,31.1989416886,121.449143087,31.1987912897,0,0
2353,14:53:32,121.449561094,31.1989416886,121.449143087,31.1987912897,0,0
2354,14:53:32,121.449561094,31.1989416886,121.449143087,31.1987912897,0,0
2355,14:53:33,121.449561094,31.1989416886,121.449143087,31.1987912897,0,0
2356,14:53:33,121.449561094,31.1989416886,121.449143087,31.1987912897,0,0
2357,14:53:34,121.449561094,31.1989416886,121.449143087,31.1987912897,0,0
2358,14:53:34,121.449561094,31.1989416886,121.449143087,31.1987912897,0,0
2359,14:53:35,121.449561094,31.1989416886,121.449143087,31.1987912897,0,0
2360,14:53:35,121.449561094,31.1989416886,121.449379162,31.1987308258,0,0
2361,14:53:36,121.449561094,31.1989416886,121.449379162,31.1987308258,0,0
2362,14:53:36,121.449561094,31.1989416886,121.449379162,31.1987308258,0,0
2363,14:53:37,121.449561094,31.1989416886,121.449379162,31.1987308258,0,0
2364,14:53:37,121.449561094,31.1989416886,121.449379162,31.1987308258,0,0
2365,14:53:38,121.449561094,31.1989416886,121.449379162,31.1987308258,0,0
2366,14:53:38,121.449561094,31.1989416886,121.449379162,31.1987308258,0,0
2367,14:53:39,121.449561094,31.1989416886,121.449379162,31.1987308258,0,0
2368,14:53:39,121.449561094,31.1989416886,121.449379162,31.1987308258,0,0
2369,14:53:40,121.449561094,31.1989416886,121.449379162,31.1987308258,0,0
2370,14:53:40,121.449561094,31.1989416886,121.449379162,31.1987308258,0,0
2371,14:53:41,121.449561094,31.1989416886,121.449379162,31.1987308258,0,0
2372,14:53:41,121.449561094,31.1989416886,121.449379162,31.1987308258,0,0
2373,14:53:42,121.449561094,31.1989416886,121.449379162,31.1987308258,0,0
2374,14:53:42,121.449561094,31.1989416886,121.449379162,31.1987308258,0,0
2375,14:53:42,121.449561094,31.1989416886,121.449379162,31.1987308258,0,0
2376,14:53:43,121.449561094,31.1989416886,121.449379162,31.1987308258,0,0
2377,14:53:43,121.449561094,31.1989416886,121.449379162,31.1987308258,0,0
2378,14:53:44,121.449561094,31.1989416886,121.449379162,31.1987308258,0,0
2379,14:53:44,121.449561094,31.1989416886,121.449379162,31.1987308258,0,0
2380,14:53:45,121.449561094,31.1989416886,121.449497305,31.1987756295,0,0
2381,14:53:45,121.449561094,31.1989416886,121.449497305,31.1987756295,0,0
2382,14:53:46,121.449561094,31.1989416886,121.449497305,31.1987756295,0,0
2383,14:53:46,121.449561094,31.1989416886,121.449497305,31.1987756295,0,0
2384,14:53:47,121.449561094,31.1989416886,121.449497305,31.1987756295,0,0
2385,14:53:47,121.449561094,31.1989416886,121.449497305,31.1987756295,0,0
2386,14:53:48,121.449561094,31.1989416886,121.449497305,31.1987756295,0,0
2387,14:53:48,121.449561094,31.1989416886,121.449497305,31.1987756295,0,0
2388,14:53:49,121.449561094,31.1989416886,121.449497305,31.1987756295,0,0
2389,14:53:49,121.449561094,31.1989416886,121.449497305,31.1987756295,0,0
2390,14:53:50,121.449561094,31.1989416886,121.449497305,31.1987756295,0,0
2391,14:53:50,121.449561094,31.1989416886,121.449497305,31.1987756295,0,0
2392,14:53:51,121.449561094,31.1989416886,121.449497305,31.1987756295,0,0
2393,14:53:51,121.449561094,31.1989416886,121.449497305,31.1987756295,0,0
2394,14:53:52,121.449561094,31.1989416886,121.449497305,31.1987756295,0,0
2395,14:53:52,121.449561094,31.1989416886,121.449497305,31.1987756295,0,0
2396,14:53:53,121.449561094,31.1989416886,121.449497305,31.1987756295,0,0
2397,14:53:53,121.449561094,31.1989416886,121.449497305,31.1987756295,0,0
2398,14:53:54,121.449561094,31.1989416886,121.449497305,31.1987756295,0,0
2399,14:53:54,121.449561094,31.1989416886,121.449497305,31.1987756295,0,0
2400,14:53:54,121.449561094,31.1989416886,121.44961365,31.1988054286,0,0
2401,14:53:55,121.449561094,31.1989416886,121.44961365,31.1988054286,0,0
2402,14:53:55,121.449561094,31.1989416886,121.44961365,31.1988054286,0,0
2403,14:53:56,121.449561094,31.1989416886,121.44961365,31.1988054286,0,0
2404,14:53:56,121.449561094,31.1989416886,121.44961365,31.1988054286,0,0
2405,14:53:57,121.449561094,31.1989416886,121.44961365,31.1988054286,0,0
2406,14:53:57,121.449561094,31.1989416886,121.44961365,31.1988054286,0,0
2407,14:53:58,121.449561094,31.1989416886,121.44961365,31.1988054286,0,0
2408,14:53:58,121.449561094,31.1989416886,121.44961365,31.1988054286,0,0
2409,14:53:59,121.449561094,31.1989416886,121.44961365,31.1988054286,0,0
2410,14:53:59,121.449561094,31.1989416886,121.44961365,31.1988054286,0,0
2411,14:54:00,121.449561094,31.1989416886,121.44961365,31.1988054286,0,0
2412,14:54:00,121.449561094,31.1989416886,121.44961365,31.1988054286,0,0
2413,14:54:01,121.449561094,31.1989416886,121.44961365,31.1988054286,0,0
2414,14:54:01,121.449561094,31.1989416886,121.44961365,31.1988054286,0,0
2415,14:54:02,121.449561094,31.1989416886,121.44961365,31.1988054286,0,0
2416,14:54:02,121.449561094,31.1989416886,121.44961365,31.1988054286,0,0
2417,14:54:03,121.449561094,31.1989416886,121.44961365,31.1988054286,0,0
2418,14:54:03,121.449561094,31.1989416886,121.44961365,31.1988054286,0,0
2419,14:54:04,121.449561094,31.1989416886,121.44961365,31.1988054286,0,0
2420,14:54:04,121.449851422,31.1990553976,121.449743368,31.1988685486,0,0
2421,14:54:05,121.449851422,31.1990553976,121.449743368,31.1988685486,0,0
2422,14:54:05,121.449851422,31.1990553976,121.449743368,31.1988685486,0,0
2423,14:54:06,121.449851422,31.1990553976,121.449743368,31.1988685486,0,0
2424,14:54:06,121.449851422,31.1990553976,121.449743368,31.1988685486,0,0
2425,14:54:06,121.449851422,31.1990553976,121.449743368,31.1988685486,0,0
2426,14:54:07,121.449851422,31.1990553976,121.449743368,31.1988685486,0,0
2427,14:54:07,121.449851422,31.1990553976,121.449743368,31.1988685486,0,0
2428,14:54:09,121.449851422,31.1990553976,121.449743368,31.1988685486,0,0
2429,14:54:09,121.449851422,31.1990553976,121.449743368,31.1988685486,0,0
2430,14:54:10,121.449851422,31.1990553976,121.449743368,31.1988685486,0,0
2431,14:54:10,121.449851422,31.1990553976,121.449743368,31.1988685486,0,0
2432,14:54:10,121.449851422,31.1990553976,121.449743368,31.1988685486,0,0
2433,14:54:11,121.449851422,31.1990553976,121.449743368,31.1988685486,0,0
2434,14:54:11,121.449851422,31.1990553976,121.449743368,31.1988685486,0,0
2435,14:54:12,121.449851422,31.1990553976,121.449743368,31.1988685486,0,0
2436,14:54:12,121.449851422,31.1990553976,121.449743368,31.1988685486,0,0
2437,14:54:13,121.449851422,31.1990553976,121.449743368,31.1988685486,0,0
2438,14:54:13,121.449851422,31.1990553976,121.449743368,31.1988685486,0,0
2439,14:54:14,121.449851422,31.1990553976,121.449743368,31.1988685486,0,0
2440,14:54:14,121.449851422,31.1990553976,121.449871487,31.1989150028,0,0
2441,14:54:15,121.449851422,31.1990553976,121.449871487,31.1989150028,0,0
2442,14:54:15,121.449851422,31.1990553976,121.449871487,31.1989150028,0,0
2443,14:54:16,121.449851422,31.1990553976,121.449871487,31.1989150028,0,0
2444,14:54:16,121.449851422,31.1990553976,121.449871487,31.1989150028,0,0
2445,14:54:17,121.449851422,31.1990553976,121.449871487,31.1989150028,0,0
2446,14:54:17,121.449851422,31.1990553976,121.449871487,31.1989150028,0,0
2447,14:54:18,121.449851422,31.1990553976,121.449871487,31.1989150028,0,0
2448,14:54:18,121.449851422,31.1990553976,121.449871487,31.1989150028,0,0
2449,14:54:19,121.449851422,31.1990553976,121.449871487,31.1989150028,0,0
2450,14:54:19,121.449851422,31.1990553976,121.449871487,31.1989150028,0,0
2451,14:54:20,121.449851422,31.1990553976,121.449871487,31.1989150028,0,0
2452,14:54:20,121.449851422,31.1990553976,121.449871487,31.1989150028,0,0
2453,14:54:21,121.449851422,31.1990553976,121.449871487,31.1989150028,0,0
2454,14:54:21,121.449851422,31.1990553976,121.449871487,31.1989150028,0,0
2455,14:54:22,121.449851422,31.1990553976,121.449871487,31.1989150028,0,0
2456,14:54:22,121.449851422,31.1990553976,121.449871487,31.1989150028,0,0
2457,14:54:22,121.449851422,31.1990553976,121.449871487,31.1989150028,0,0
2458,14:54:23,121.449851422,31.1990553976,121.449871487,31.1989150028,0,0
2459,14:54:23,121.449851422,31.1990553976,121.449871487,31.1989150028,0,0
2460,14:54:24,121.449561094,31.1989416886,121.449986235,31.1989664838,0,0
2461,14:54:24,121.449561094,31.1989416886,121.449986235,31.1989664838,0,0
2462,14:54:25,121.449561094,31.1989416886,121.449986235,31.1989664838,0,0
2463,14:54:25,121.449561094,31.1989416886,121.449986235,31.1989664838,0,0
2464,14:54:26,121.449561094,31.1989416886,121.449986235,31.1989664838,0,0
2465,14:54:26,121.449561094,31.1989416886,121.449986235,31.1989664838,0,0
2466,14:54:27,121.449561094,31.1989416886,121.449986235,31.1989664838,0,0
2467,14:54:27,121.449561094,31.1989416886,121.449986235,31.1989664838,0,0
2468,14:54:28,121.449561094,31.1989416886,121.449986235,31.1989664838,0,0
2469,14:54:28,121.449561094,31.1989416886,121.449986235,31.1989664838,0,0
2470,14:54:29,121.449561094,31.1989416886,121.449986235,31.1989664838,0,0
2471,14:54:29,121.449561094,31.1989416886,121.449986235,31.1989664838,0,0
2472,14:54:30,121.449561094,31.1989416886,121.449986235,31.1989664838,0,0
2473,14:54:30,121.449561094,31.1989416886,121.449986235,31.1989664838,0,0
2474,14:54:31,121.449561094,31.1989416886,121.449986235,31.1989664838,0,0
2475,14:54:31,121.449561094,31.1989416886,121.449986235,31.1989664838,0,0
2476,14:54:32,121.449561094,31.1989416886,121.449986235,31.1989664838,0,0
2477,14:54:32,121.449561094,31.1989416886,121.449986235,31.1989664838,0,0
2478,14:54:33,121.449561094,31.1989416886,121.449986235,31.1989664838,0,0
2479,14:54:33,121.449561094,31.1989416886,121.449986235,31.1989664838,0,0
2480,14:54:34,121.449561094,31.1989416886,121.45009759,31.1990162999,0,0
2481,14:54:34,121.449561094,31.1989416886,121.45009759,31.1990162999,0,0
2482,14:54:34,121.449561094,31.1989416886,121.45009759,31.1990162999,0,0
2483,14:54:35,121.449561094,31.1989416886,121.45009759,31.1990162999,0,0
2484,14:54:35,121.449561094,31.1989416886,121.45009759,31.1990162999,0,0
2485,14:54:36,121.449561094,31.1989416886,121.45009759,31.1990162999,0,0
2486,14:54:36,121.449561094,31.1989416886,121.45009759,31.1990162999,0,0
2487,14:54:37,121.449561094,31.1989416886,121.45009759,31.1990162999,0,0
2488,14:54:37,121.449561094,31.1989416886,121.45009759,31.1990162999,0,0
2489,14:54:38,121.449561094,31.1989416886,121.45009759,31.1990162999,0,0
2490,14:54:38,121.449561094,31.1989416886,121.45009759,31.1990162999,0,0
2491,14:54:39,121.449561094,31.1989416886,121.45009759,31.1990162999,0,0
2492,14:54:39,121.449561094,31.1989416886,121.45009759,31.1990162999,0,0
2493,14:54:40,121.449561094,31.1989416886,121.45009759,31.1990162999,0,0
2494,14:54:40,121.449561094,31.1989416886,121.45009759,31.1990162999,0,0
2495,14:54:41,121.449561094,31.1989416886,121.45009759,31.1990162999,0,0
2496,14:54:41,121.449561094,31.1989416886,121.45009759,31.1990162999,0,0
2497,14:54:42,121.449561094,31.1989416886,121.45009759,31.1990162999,0,0
2498,14:54:42,121.449561094,31.1989416886,121.45009759,31.1990162999,0,0
2499,14:54:43,121.449561094,31.1989416886,121.45009759,31.1990162999,0,0
2500,14:54:43,121.449561094,31.1989416886,121.450222312,31.1990327341,0,0
2501,14:54:44,121.449561094,31.1989416886,121.450222312,31.1990327341,0,0
2502,14:54:44,121.449561094,31.1989416886,121.450222312,31.1990327341,0,0
2503,14:54:45,121.449561094,31.1989416886,121.450222312,31.1990327341,0,0
2504,14:54:45,121.449561094,31.1989416886,121.450222312,31.1990327341,0,0
2505,14:54:46,121.449561094,31.1989416886,121.450222312,31.1990327341,0,0
2506,14:54:46,121.449561094,31.1989416886,121.450222312,31.1990327341,0,0
2507,14:54:46,121.449561094,31.1989416886,121.450222312,31.1990327341,0,0
2508,14:54:47,121.449561094,31.1989416886,121.450222312,31.1990327341,0,0
2509,14:54:47,121.449561094,31.1989416886,121.450222312,31.1990327341,0,0
2510,14:54:48,121.449561094,31.1989416886,121.450222312,31.1990327341,0,0
2511,14:54:48,121.449561094,31.1989416886,121.450222312,31.1990327341,0,0
2512,14:54:49,121.449561094,31.1989416886,121.450222312,31.1990327341,0,0
2513,14:54:49,121.449561094,31.1989416886,121.450222312,31.1990327341,0,0
2514,14:54:50,121.449561094,31.1989416886,121.450222312,31.1990327341,0,0
2515,14:54:50,121.449561094,31.1989416886,121.450222312,31.1990327341,0,0
2516,14:54:51,121.449561094,31.1989416886,121.450222312,31.1990327341,0,0
2517,14:54:51,121.449561094,31.1989416886,121.450222312,31.1990327341,0,0
2518,14:54:52,121.449561094,31.1989416886,121.450222312,31.1990327341,0,0
2519,14:54:52,121.449561094,31.1989416886,121.450222312,31.1990327341,0,0
2520,14:54:53,121.449851422,31.1990553976,121.450278891,31.1991026619,0,0
2521,14:54:53,121.449851422,31.1990553976,121.450278891,31.1991026619,0,0
2522,14:54:54,121.449851422,31.1990553976,121.450278891,31.1991026619,0,0
2523,14:54:54,121.449851422,31.1990553976,121.450278891,31.1991026619,0,0
2524,14:54:55,121.449851422,31.1990553976,121.450278891,31.1991026619,0,0
2525,14:54:55,121.449851422,31.1990553976,121.450278891,31.1991026619,0,0
2526,14:54:56,121.449851422,31.1990553976,121.450278891,31.1991026619,0,0
2527,14:54:56,121.449851422,31.1990553976,121.450278891,31.1991026619,0,0
2528,14:54:57,121.449851422,31.1990553976,121.450278891,31.1991026619,0,0
2529,14:54:57,121.449851422,31.1990553976,121.450278891,31.1991026619,0,0
2530,14:54:58,121.449851422,31.1990553976,121.450278891,31.1991026619,0,0
2531,14:54:58,121.449851422,31.1990553976,121.450278891,31.1991026619,0,0
2532,14:54:59,121.449851422,31.1990553976,121.450278891,31.1991026619,0,0
2533,14:54:59,121.449851422,31.1990553976,121.450278891,31.1991026619,0,0
2534,14:54:59,121.449851422,31.1990553976,121.450278891,31.1991026619,0,0
2535,14:55:00,121.449851422,31.1990553976,121.450278891,31.1991026619,0,0
2536,14:55:00,121.449851422,31.1990553976,121.450278891,31.1991026619,0,0
2537,14:55:01,121.449851422,31.1990553976,121.450278891,31.1991026619,0,0
2538,14:55:01,121.449851422,31.1990553976,121.450278891,31.1991026619,0,0
2539,14:55:02,121.449851422,31.1990553976,121.450278891,31.1991026619,0,0
2540,14:55:02,121.449561094,31.1989416886,121.450288861,31.1990125992,0,0
2541,14:55:03,121.449561094,31.1989416886,121.450288861,31.1990125992,0,0
2542,14:55:03,121.449561094,31.1989416886,121.450288861,31.1990125992,0,0
2543,14:55:04,121.449561094,31.1989416886,121.450288861,31.1990125992,0,0
2544,14:55:04,121.449561094,31.1989416886,121.450288861,31.1990125992,0,0
2545,14:55:05,121.449561094,31.1989416886,121.450288861,31.1990125992,0,0
2546,14:55:05,121.449561094,31.1989416886,121.450288861,31.1990125992,0,0
2547,14:55:06,121.449561094,31.1989416886,121.450288861,31.1990125992,0,0
2548,14:55:06,121.449561094,31.1989416886,121.450288861,31.1990125992,0,0
2549,14:55:07,121.449561094,31.1989416886,121.450288861,31.1990125992,0,0
2550,14:55:07,121.449561094,31.1989416886,121.450288861,31.1990125992,0,0
2551,14:55:08,121.449561094,31.1989416886,121.450288861,31.1990125992,0,0
2552,14:55:08,121.449561094,31.1989416886,121.450288861,31.1990125992,0,0
2553,14:55:09,121.449561094,31.1989416886,121.450288861,31.1990125992,0,0
2554,14:55:09,121.449561094,31.1989416886,121.450288861,31.1990125992,0,0
2555,14:55:10,121.449561094,31.1989416886,121.450288861,31.1990125992,0,0
2556,14:55:10,121.449561094,31.1989416886,121.450288861,31.1990125992,0,0
2557,14:55:11,121.449561094,31.1989416886,121.450288861,31.1990125992,0,0
2558,14:55:11,121.449561094,31.1989416886,121.450288861,31.1990125992,0,0
2559,14:55:11,121.449561094,31.1989416886,121.450288861,31.1990125992,0,0
2560,14:55:12,121.450469446,31.1986854755,121.450298829,31.1989041976,0,0
2561,14:55:12,121.450469446,31.1986854755,121.450298829,31.1989041976,0,0
2562,14:55:13,121.450469446,31.1986854755,121.450298829,31.1989041976,0,0
2563,14:55:13,121.450469446,31.1986854755,121.450298829,31.1989041976,0,0
2564,14:55:14,121.450469446,31.1986854755,121.450298829,31.1989041976,0,0
2565,14:55:14,121.450469446,31.1986854755,121.450298829,31.1989041976,0,0
2566,14:55:15,121.450469446,31.1986854755,121.450298829,31.1989041976,0,0
2567,14:55:15,121.450469446,31.1986854755,121.450298829,31.1989041976,0,0
2568,14:55:16,121.450469446,31.1986854755,121.450298829,31.1989041976,0,0
2569,14:55:16,121.450469446,31.1986854755,121.450298829,31.1989041976,0,0
2570,14:55:17,121.450469446,31.1986854755,121.450298829,31.1989041976,0,0
2571,14:55:17,121.450469446,31.1986854755,121.450298829,31.1989041976,0,0
2572,14:55:18,121.450469446,31.1986854755,121.450298829,31.1989041976,0,0
2573,14:55:18,121.450469446,31.1986854755,121.450298829,31.1989041976,0,0
2574,14:55:19,121.450469446,31.1986854755,121.450298829,31.1989041976,0,0
2575,14:55:19,121.450469446,31.1986854755,121.450298829,31.1989041976,0,0
2576,14:55:20,121.450469446,31.1986854755,121.450298829,31.1989041976,0,0
2577,14:55:20,121.450469446,31.1986854755,121.450298829,31.1989041976,0,0
2578,14:55:21,121.450469446,31.1986854755,121.450298829,31.1989041976,0,0
2579,14:55:21,121.450469446,31.1986854755,121.450298829,31.1989041976,0,0
2580,14:55:22,121.450502014,31.1984281088,121.450305508,31.1988391533,0,0
2581,14:55:22,121.450502014,31.1984281088,121.450305508,31.1988391533,0,0
2582,14:55:22,121.450502014,31.1984281088,121.450305508,31.1988391533,0,0
2583,14:55:23,121.450502014,31.1984281088,121.450305508,31.1988391533,0,0
2584,14:55:23,121.450502014,31.1984281088,121.450305508,31.1988391533,0,0
2585,14:55:24,121.450502014,31.1984281088,121.450305508,31.1988391533,0,0
2586,14:55:24,121.450502014,31.1984281088,121.450305508,31.1988391533,0,0
2587,14:55:25,121.450502014,31.1984281088,121.450305508,31.1988391533,0,0
2588,14:55:25,121.450502014,31.1984281088,121.450305508,31.1988391533,0,0
2589,14:55:26,121.450502014,31.1984281088,121.450305508,31.1988391533,0,0
2590,14:55:26,121.450502014,31.1984281088,121.450305508,31.1988391533,0,0
2591,14:55:27,121.450502014,31.1984281088,121.450305508,31.1988391533,0,0
2592,14:55:27,121.450502014,31.1984281088,121.450305508,31.1988391533,0,0
2593,14:55:28,121.450502014,31.1984281088,121.450305508,31.1988391533,0,0
2594,14:55:28,121.450502014,31.1984281088,121.450305508,31.1988391533,0,0
2595,14:55:29,121.450502014,31.1984281088,121.450305508,31.1988391533,0,0
2596,14:55:29,121.450502014,31.1984281088,121.450305508,31.1988391533,0,0
2597,14:55:30,121.450502014,31.1984281088,121.450305508,31.1988391533,0,0
2598,14:55:30,121.450502014,31.1984281088,121.450305508,31.1988391533,0,0
2599,14:55:31,121.450502014,31.1984281088,121.450305508,31.1988391533,0,0
2600,14:55:31,121.450502014,31.1984281088,121.450330444,31.1987457309,0,0
2601,14:55:32,121.450502014,31.1984281088,121.450330444,31.1987457309,0,0
2602,14:55:32,121.450502014,31.1984281088,121.450330444,31.1987457309,0,0
2603,14:55:33,121.450502014,31.1984281088,121.450330444,31.1987457309,0,0
2604,14:55:33,121.450502014,31.1984281088,121.450330444,31.1987457309,0,0
2605,14:55:34,121.450502014,31.1984281088,121.450330444,31.1987457309,0,0
2606,14:55:34,121.450502014,31.1984281088,121.450330444,31.1987457309,0,0
2607,14:55:34,121.450502014,31.1984281088,121.450330444,31.1987457309,0,0
2608,14:55:35,121.450502014,31.1984281088,121.450330444,31.1987457309,0,0
2609,14:55:35,121.450502014,31.1984281088,121.450330444,31.1987457309,0,0
2610,14:55:36,121.450502014,31.1984281088,121.450330444,31.1987457309,0,0
2611,14:55:36,121.450502014,31.1984281088,121.450330444,31.1987457309,0,0
2612,14:55:37,121.450502014,31.1984281088,121.450330444,31.1987457309,0,0
2613,14:55:37,121.450502014,31.1984281088,121.450330444,31.1987457309,0,0
2614,14:55:38,121.450502014,31.1984281088,121.450330444,31.1987457309,0,0
2615,14:55:38,121.450502014,31.1984281088,121.450330444,31.1987457309,0,0
2616,14:55:39,121.450502014,31.1984281088,121.450330444,31.1987457309,0,0
2617,14:55:39,121.450502014,31.1984281088,121.450330444,31.1987457309,0,0
2618,14:55:40,121.450502014,31.1984281088,121.450330444,31.1987457309,0,0
2619,14:55:40,121.450502014,31.1984281088,121.450330444,31.1987457309,0,0
2620,14:55:41,121.449851422,31.1990553976,121.450318756,31.1985806723,0,0
2621,14:55:41,121.449851422,31.1990553976,121.450318756,31.1985806723,0,0
2622,14:55:42,121.449851422,31.1990553976,121.450318756,31.1985806723,0,0
2623,14:55:42,121.449851422,31.1990553976,121.450318756,31.1985806723,0,0
2624,14:55:43,121.449851422,31.1990553976,121.450318756,31.1985806723,0,0
2625,14:55:43,121.449851422,31.1990553976,121.450318756,31.1985806723,0,0
2626,14:55:44,121.449851422,31.1990553976,121.450318756,31.1985806723,0,0
2627,14:55:44,121.449851422,31.1990553976,121.450318756,31.1985806723,0,0
2628,14:55:45,121.449851422,31.1990553976,121.450318756,31.1985806723,0,0
2629,14:55:45,121.449851422,31.1990553976,121.450318756,31.1985806723,0,0
2630,14:55:46,121.449851422,31.1990553976,121.450318756,31.1985806723,0,0
2631,14:55:46,121.449851422,31.1990553976,121.450318756,31.1985806723,0,0
2632,14:55:46,121.449851422,31.1990553976,121.450318756,31.1985806723,0,0
2633,14:55:47,121.449851422,31.1990553976,121.450318756,31.1985806723,0,0
2634,14:55:47,121.449851422,31.1990553976,121.450318756,31.1985806723,0,0
2635,14:55:48,121.449851422,31.1990553976,121.450318756,31.1985806723,0,0
2636,14:55:48,121.449851422,31.1990553976,121.450318756,31.1985806723,0,0
2637,14:55:49,121.449851422,31.1990553976,121.450318756,31.1985806723,0,0
2638,14:55:49,121.449851422,31.1990553976,121.450318756,31.1985806723,0,0
2639,14:55:50,121.449851422,31.1990553976,121.450318756,31.1985806723,0,0
2640,14:55:50,121.450502014,31.1984281088,121.450323733,31.1984389238,0,0
2641,14:55:51,121.450502014,31.1984281088,121.450323733,31.1984389238,0,0
2642,14:55:51,121.450502014,31.1984281088,121.450323733,31.1984389238,0,0
2643,14:55:52,121.450502014,31.1984281088,121.450323733,31.1984389238,0,0
2644,14:55:52,121.450502014,31.1984281088,121.450323733,31.1984389238,0,0
2645,14:55:53,121.450502014,31.1984281088,121.450323733,31.1984389238,0,0
2646,14:55:53,121.450502014,31.1984281088,121.450323733,31.1984389238,0,0
2647,14:55:54,121.450502014,31.1984281088,121.450323733,31.1984389238,0,0
2648,14:55:54,121.450502014,31.1984281088,121.450323733,31.1984389238,0,0
2649,14:55:55,121.450502014,31.1984281088,121.450323733,31.1984389238,0,0
2650,14:55:55,121.450502014,31.1984281088,121.450323733,31.1984389238,0,0
2651,14:55:56,121.450502014,31.1984281088,121.450323733,31.1984389238,0,0
2652,14:55:56,121.450502014,31.1984281088,121.450323733,31.1984389238,0,0
2653,14:55:57,121.450502014,31.1984281088,121.450323733,31.1984389238,0,0
2654,14:55:57,121.450502014,31.1984281088,121.450323733,31.1984389238,0,0
2655,14:55:58,121.450502014,31.1984281088,121.450323733,31.1984389238,0,0
2656,14:55:58,121.450502014,31.1984281088,121.450323733,31.1984389238,0,0
2657,14:55:58,121.450502014,31.1984281088,121.450323733,31.1984389238,0,0
2658,14:55:59,121.450502014,31.1984281088,121.450323733,31.1984389238,0,0
2659,14:55:59,121.450502014,31.1984281088,121.450323733,31.1984389238,0,0
2660,14:56:00,121.450469446,31.1986854755,121.450348667,31.1983288231,0,0
2661,14:56:00,121.450469446,31.1986854755,121.450348667,31.1983288231,0,0
2662,14:56:01,121.450469446,31.1986854755,121.450348667,31.1983288231,0,0
2663,14:56:01,121.450469446,31.1986854755,121.450348667,31.1983288231,0,0
2664,14:56:02,121.450469446,31.1986854755,121.450348667,31.1983288231,0,0
2665,14:56:02,121.450469446,31.1986854755,121.450348667,31.1983288231,0,0
2666,14:56:03,121.450469446,31.1986854755,121.450348667,31.1983288231,0,0
2667,14:56:03,121.450469446,31.1986854755,121.450348667,31.1983288231,0,0
2668,14:56:04,121.450469446,31.1986854755,121.450348667,31.1983288231,0,0
2669,14:56:04,121.450469446,31.1986854755,121.450348667,31.1983288231,0,0
2670,14:56:05,121.450469446,31.1986854755,121.450348667,31.1983288231,0,0
2671,14:56:05,121.450469446,31.1986854755,121.450348667,31.1983288231,0,0
2672,14:56:06,121.450469446,31.1986854755,121.450348667,31.1983288231,0,0
2673,14:56:06,121.450469446,31.1986854755,121.450348667,31.1983288231,0,0
2674,14:56:07,121.450469446,31.1986854755,121.450348667,31.1983288231,0,0
2675,14:56:07,121.450469446,31.1986854755,121.450348667,31.1983288231,0,0
2676,14:56:08,121.450469446,31.1986854755,121.450348667,31.1983288231,0,0
2677,14:56:09,121.450469446,31.1986854755,121.450348667,31.1983288231,0,0
2678,14:56:09,121.450469446,31.1986854755,121.450348667,31.1983288231,0,0
2679,14:56:09,121.450469446,31.1986854755,121.450348667,31.1983288231,0,0
2680,14:56:38,121.450469446,31.1986854755,121.450431748,31.1979634882,0,0
2681,14:56:39,121.450469446,31.1986854755,121.450431748,31.1979634882,0,0
2682,14:56:39,121.450469446,31.1986854755,121.450431748,31.1979634882,0,0
2683,14:56:40,121.450469446,31.1986854755,121.450431748,31.1979634882,0,0
2684,14:56:40,121.450469446,31.1986854755,121.450431748,31.1979634882,0,0
2685,14:56:41,121.450469446,31.1986854755,121.450431748,31.1979634882,0,0
2686,14:56:42,121.450469446,31.1986854755,121.450431748,31.1979634882,0,0
2687,14:56:42,121.450469446,31.1986854755,121.450431748,31.1979634882,0,0
2688,14:56:43,121.450469446,31.1986854755,121.450431748,31.1979634882,0,0
2689,14:56:43,121.450469446,31.1986854755,121.450431748,31.1979634882,0,0
2690,14:56:43,121.450469446,31.1986854755,121.450431748,31.1979634882,0,0
2691,14:56:44,121.450469446,31.1986854755,121.450431748,31.1979634882,0,0
2692,14:56:44,121.450469446,31.1986854755,121.450431748,31.1979634882,0,0
2693,14:56:45,121.450469446,31.1986854755,121.450431748,31.1979634882,0,0
2694,14:56:45,121.450469446,31.1986854755,121.450431748,31.1979634882,0,0
2695,14:56:46,121.450469446,31.1986854755,121.450431748,31.1979634882,0,0
2696,14:56:46,121.450469446,31.1986854755,121.450431748,31.1979634882,0,0
2697,14:56:47,121.450469446,31.1986854755,121.450431748,31.1979634882,0,0
2698,14:56:47,121.450469446,31.1986854755,121.450431748,31.1979634882,0,0
2699,14:56:48,121.450469446,31.1986854755,121.450431748,31.1979634882,0,0
2700,14:56:48,121.450469446,31.1986854755,121.450483326,31.1978916858,0,0
2701,14:56:49,121.450469446,31.1986854755,121.450483326,31.1978916858,0,0
2702,14:56:49,121.450469446,31.1986854755,121.450483326,31.1978916858,0,0
2703,14:56:50,121.450469446,31.1986854755,121.450483326,31.1978916858,0,0
2704,14:56:50,121.450469446,31.1986854755,121.450483326,31.1978916858,0,0
2705,14:56:51,121.450469446,31.1986854755,121.450483326,31.1978916858,0,0
2706,14:56:51,121.450469446,31.1986854755,121.450483326,31.1978916858,0,0
2707,14:56:52,121.450469446,31.1986854755,121.450483326,31.1978916858,0,0
2708,14:56:52,121.450469446,31.1986854755,121.450483326,31.1978916858,0,0
2709,14:56:53,121.450469446,31.1986854755,121.450483326,31.1978916858,0,0
2710,14:56:53,121.450469446,31.1986854755,121.450483326,31.1978916858,0,0
2711,14:56:54,121.450469446,31.1986854755,121.450483326,31.1978916858,0,0
2712,14:56:54,121.450469446,31.1986854755,121.450483326,31.1978916858,0,0
2713,14:56:55,121.450469446,31.1986854755,121.450483326,31.1978916858,0,0
2714,14:56:55,121.450469446,31.1986854755,121.450483326,31.1978916858,0,0
2715,14:56:56,121.450469446,31.1986854755,121.450483326,31.1978916858,0,0
2716,14:56:56,121.450469446,31.1986854755,121.450483326,31.1978916858,0,0
2717,14:56:56,121.450469446,31.1986854755,121.450483326,31.1978916858,0,0
2718,14:56:57,121.450469446,31.1986854755,121.450483326,31.1978916858,0,0
2719,14:56:57,121.450469446,31.1986854755,121.450483326,31.1978916858,0,0
2720,14:56:58,121.450502014,31.1984281088,121.450511554,31.1978015885,0,0
2721,14:56:58,121.450502014,31.1984281088,121.450511554,31.1978015885,0,0
2722,14:56:59,121.450502014,31.1984281088,121.450511554,31.1978015885,0,0
2723,14:56:59,121.450502014,31.1984281088,121.450511554,31.1978015885,0,0
2724,14:57:00,121.450502014,31.1984281088,121.450511554,31.1978015885,0,0
2725,14:57:00,121.450502014,31.1984281088,121.450511554,31.1978015885,0,0
2726,14:57:01,121.450502014,31.1984281088,121.450511554,31.1978015885,0,0
2727,14:57:01,121.450502014,31.1984281088,121.450511554,31.1978015885,0,0
2728,14:57:02,121.450502014,31.1984281088,121.450511554,31.1978015885,0,0
2729,14:57:02,121.450502014,31.1984281088,121.450511554,31.1978015885,0,0
2730,14:57:03,121.450502014,31.1984281088,121.450511554,31.1978015885,0,0
2731,14:57:03,121.450502014,31.1984281088,121.450511554,31.1978015885,0,0
2732,14:57:04,121.450502014,31.1984281088,121.450511554,31.1978015885,0,0
2733,14:57:04,121.450502014,31.1984281088,121.450511554,31.1978015885,0,0
2734,14:57:05,121.450502014,31.1984281088,121.450511554,31.1978015885,0,0
2735,14:57:05,121.450502014,31.1984281088,121.450511554,31.1978015885,0,0
2736,14:57:06,121.450502014,31.1984281088,121.450511554,31.1978015885,0,0
2737,14:57:06,121.450502014,31.1984281088,121.450511554,31.1978015885,0,0
2738,14:57:07,121.450502014,31.1984281088,121.450511554,31.1978015885,0,0
2739,14:57:07,121.450502014,31.1984281088,121.450511554,31.1978015885,0,0
2740,14:57:08,121.450593544,31.197613219,121.450501566,31.1976782171,0,0
2741,14:57:08,121.450593544,31.197613219,121.450501566,31.1976782171,0,0
2742,14:57:08,121.450593544,31.197613219,121.450501566,31.1976782171,0,0
2743,14:57:09,121.450593544,31.197613219,121.450501566,31.1976782171,0,0
2744,14:57:09,121.450593544,31.197613219,121.450501566,31.1976782171,0,0
2745,14:57:10,121.450593544,31.197613219,121.450501566,31.1976782171,0,0
2746,14:57:10,121.450593544,31.197613219,121.450501566,31.1976782171,0,0
2747,14:57:11,121.450593544,31.197613219,121.450501566,31.1976782171,0,0
2748,14:57:11,121.450593544,31.197613219,121.450501566,31.1976782171,0,0
2749,14:57:12,121.450593544,31.197613219,121.450501566,31.1976782171,0,0
2750,14:57:12,121.450593544,31.197613219,121.450501566,31.1976782171,0,0
2751,14:57:13,121.450593544,31.197613219,121.450501566,31.1976782171,0,0
2752,14:57:13,121.450593544,31.197613219,121.450501566,31.1976782171,0,0
2753,14:57:14,121.450593544,31.197613219,121.450501566,31.1976782171,0,0
2754,14:57:14,121.450593544,31.197613219,121.450501566,31.1976782171,0,0
2755,14:57:15,121.450593544,31.197613219,121.450501566,31.1976782171,0,0
2756,14:57:15,121.450593544,31.197613219,121.450501566,31.1976782171,0,0
2757,14:57:16,121.450593544,31.197613219,121.450501566,31.1976782171,0,0
2758,14:57:16,121.450593544,31.197613219,121.450501566,31.1976782171,0,0
2759,14:57:17,121.450593544,31.197613219,121.450501566,31.1976782171,0,0
2760,14:57:17,121.45110276,31.196520909,121.450551445,31.197586408,0,0
2761,14:57:18,121.45110276,31.196520909,121.450551445,31.197586408,0,0
2762,14:57:18,121.45110276,31.196520909,121.450551445,31.197586408,0,0
2763,14:57:18,121.45110276,31.196520909,121.450551445,31.197586408,0,0
2764,14:57:19,121.45110276,31.196520909,121.450551445,31.197586408,0,0
2765,14:57:19,121.45110276,31.196520909,121.450551445,31.197586408,0,0
2766,14:57:20,121.45110276,31.196520909,121.450551445,31.197586408,0,0
2767,14:57:20,121.45110276,31.196520909,121.450551445,31.197586408,0,0
2768,14:57:21,121.45110276,31.196520909,121.450551445,31.197586408,0,0
2769,14:57:21,121.45110276,31.196520909,121.450551445,31.197586408,0,0
2770,14:57:22,121.45110276,31.196520909,121.450551445,31.197586408,0,0
2771,14:57:22,121.45110276,31.196520909,121.450551445,31.197586408,0,0
2772,14:57:23,121.45110276,31.196520909,121.450551445,31.197586408,0,0
2773,14:57:23,121.45110276,31.196520909,121.450551445,31.197586408,0,0
2774,14:57:24,121.45110276,31.196520909,121.450551445,31.197586408,0,0
2775,14:57:24,121.45110276,31.196520909,121.450551445,31.197586408,0,0
2776,14:57:25,121.45110276,31.196520909,121.450551445,31.197586408,0,0
2777,14:57:25,121.45110276,31.196520909,121.450551445,31.197586408,0,0
2778,14:57:26,121.45110276,31.196520909,121.450551445,31.197586408,0,0
2779,14:57:26,121.45110276,31.196520909,121.450551445,31.197586408,0,0
2780,14:57:27,121.452318166,31.1943890603,121.450604719,31.1975212754,0,0
2781,14:57:27,121.452318166,31.1943890603,121.450604719,31.1975212754,0,0
2782,14:57:28,121.452318166,31.1943890603,121.450604719,31.1975212754,0,0
2783,14:57:28,121.452318166,31.1943890603,121.450604719,31.1975212754,0,0
2784,14:57:29,121.452318166,31.1943890603,121.450604719,31.1975212754,0,0
2785,14:57:29,121.452318166,31.1943890603,121.450604719,31.1975212754,0,0
2786,14:57:30,121.452318166,31.1943890603,121.450604719,31.1975212754,0,0
2787,14:57:30,121.452318166,31.1943890603,121.450604719,31.1975212754,0,0
2788,14:57:30,121.452318166,31.1943890603,121.450604719,31.1975212754,0,0
2789,14:57:31,121.452318166,31.1943890603,121.450604719,31.1975212754,0,0
2790,14:57:32,121.452318166,31.1943890603,121.450604719,31.1975212754,0,0
2791,14:57:32,121.452318166,31.1943890603,121.450604719,31.1975212754,0,0
2792,14:57:32,121.452318166,31.1943890603,121.450604719,31.1975212754,0,0
2793,14:57:33,121.452318166,31.1943890603,121.450604719,31.1975212754,0,0
2794,14:57:33,121.452318166,31.1943890603,121.450604719,31.1975212754,0,0
2795,14:57:34,121.452318166,31.1943890603,121.450604719,31.1975212754,0,0
2796,14:57:35,121.452318166,31.1943890603,121.450604719,31.1975212754,0,0
2797,14:57:35,121.452318166,31.1943890603,121.450604719,31.1975212754,0,0
2798,14:57:36,121.452318166,31.1943890603,121.450604719,31.1975212754,0,0
2799,14:57:36,121.452318166,31.1943890603,121.450604719,31.1975212754,0,0
2800,14:57:37,121.450593544,31.197613219,121.45063125,31.1974111714,0,0
2801,14:57:37,121.450593544,31.197613219,121.45063125,31.1974111714,0,0
2802,14:57:38,121.450593544,31.197613219,121.45063125,31.1974111714,0,0
2803,14:57:38,121.450593544,31.197613219,121.45063125,31.1974111714,0,0
2804,14:57:39,121.450593544,31.197613219,121.45063125,31.1974111714,0,0
2805,14:57:39,121.450593544,31.197613219,121.45063125,31.1974111714,0,0
2806,14:57:40,121.450593544,31.197613219,121.45063125,31.1974111714,0,0
2807,14:57:40,121.450593544,31.197613219,121.45063125,31.1974111714,0,0
2808,14:57:41,121.450593544,31.197613219,121.45063125,31.1974111714,0,0
2809,14:57:41,121.450593544,31.197613219,121.45063125,31.1974111714,0,0
2810,14:57:42,121.450593544,31.197613219,121.45063125,31.1974111714,0,0
2811,14:57:42,121.450593544,31.197613219,121.45063125,31.1974111714,0,0
2812,14:57:43,121.450593544,31.197613219,121.45063125,31.1974111714,0,0
2813,14:57:43,121.450593544,31.197613219,121.45063125,31.1974111714,0,0
2814,14:57:44,121.450593544,31.197613219,121.45063125,31.1974111714,0,0
2815,14:57:44,121.450593544,31.197613219,121.45063125,31.1974111714,0,0
2816,14:57:45,121.450593544,31.197613219,121.45063125,31.1974111714,0,0
2817,14:57:45,121.450593544,31.197613219,121.45063125,31.1974111714,0,0
2818,14:57:46,121.450593544,31.197613219,121.45063125,31.1974111714,0,0
2819,14:57:46,121.450593544,31.197613219,121.45063125,31.1974111714,0,0
2820,14:57:47,121.450736515,31.1971523849,121.450659574,31.1972810541,0,0
2821,14:57:47,121.450736515,31.1971523849,121.450659574,31.1972810541,0,0
2822,14:57:48,121.450736515,31.1971523849,121.450659574,31.1972810541,0,0
2823,14:57:48,121.450736515,31.1971523849,121.450659574,31.1972810541,0,0
2824,14:57:49,121.450736515,31.1971523849,121.450659574,31.1972810541,0,0
2825,14:57:49,121.450736515,31.1971523849,121.450659574,31.1972810541,0,0
2826,14:57:50,121.450736515,31.1971523849,121.450659574,31.1972810541,0,0
2827,14:57:50,121.450736515,31.1971523849,121.450659574,31.1972810541,0,0
2828,14:57:51,121.450736515,31.1971523849,121.450659574,31.1972810541,0,0
2829,14:57:51,121.450736515,31.1971523849,121.450659574,31.1972810541,0,0
2830,14:57:52,121.450736515,31.1971523849,121.450659574,31.1972810541,0,0
2831,14:57:52,121.450736515,31.1971523849,121.450659574,31.1972810541,0,0
2832,14:57:53,121.450736515,31.1971523849,121.450659574,31.1972810541,0,0
2833,14:57:53,121.450736515,31.1971523849,121.450659574,31.1972810541,0,0
2834,14:57:54,121.450736515,31.1971523849,121.450659574,31.1972810541,0,0
2835,14:57:54,121.450736515,31.1971523849,121.450659574,31.1972810541,0,0
2836,14:57:55,121.450736515,31.1971523849,121.450659574,31.1972810541,0,0
2837,14:57:55,121.450736515,31.1971523849,121.450659574,31.1972810541,0,0
2838,14:57:56,121.450736515,31.1971523849,121.450659574,31.1972810541,0,0
2839,14:57:56,121.450736515,31.1971523849,121.450659574,31.1972810541,0,0
2840,14:57:57,121.450940554,31.1967778331,121.450671139,31.1971726492,0,0
2841,14:57:57,121.450940554,31.1967778331,121.450671139,31.1971726492,0,0
2842,14:57:58,121.450940554,31.1967778331,121.450671139,31.1971726492,0,0
2843,14:57:58,121.450940554,31.1967778331,121.450671139,31.1971726492,0,0
2844,14:57:59,121.450940554,31.1967778331,121.450671139,31.1971726492,0,0
2845,14:57:59,121.450940554,31.1967778331,121.450671139,31.1971726492,0,0
2846,14:58:00,121.450940554,31.1967778331,121.450671139,31.1971726492,0,0
2847,14:58:00,121.450940554,31.1967778331,121.450671139,31.1971726492,0,0
2848,14:58:01,121.450940554,31.1967778331,121.450671139,31.1971726492,0,0
2849,14:58:01,121.450940554,31.1967778331,121.450671139,31.1971726492,0,0
2850,14:58:02,121.450940554,31.1967778331,121.450671139,31.1971726492,0,0
2851,14:58:02,121.450940554,31.1967778331,121.450671139,31.1971726492,0,0
2852,14:58:03,121.450940554,31.1967778331,121.450671139,31.1971726492,0,0
2853,14:58:03,121.450940554,31.1967778331,121.450671139,31.1971726492,0,0
2854,14:58:04,121.450940554,31.1967778331,121.450671139,31.1971726492,0,0
2855,14:58:04,121.450940554,31.1967778331,121.450671139,31.1971726492,0,0
2856,14:58:04,121.450940554,31.1967778331,121.450671139,31.1971726492,0,0
2857,14:58:05,121.450940554,31.1967778331,121.450671139,31.1971726492,0,0
2858,14:58:05,121.450940554,31.1967778331,121.450671139,31.1971726492,0,0
2859,14:58:06,121.450940554,31.1967778331,121.450671139,31.1971726492,0,0
2860,14:58:06,121.450593544,31.197613219,121.450737682,31.1971074912,0,0
2861,14:58:07,121.450593544,31.197613219,121.450737682,31.1971074912,0,0
2862,14:58:07,121.450593544,31.197613219,121.450737682,31.1971074912,0,0
2863,14:58:08,121.450593544,31.197613219,121.450737682,31.1971074912,0,0
2864,14:58:08,121.450593544,31.197613219,121.450737682,31.1971074912,0,0
2865,14:58:09,121.450593544,31.197613219,121.450737682,31.1971074912,0,0
2866,14:58:09,121.450593544,31.197613219,121.450737682,31.1971074912,0,0
2867,14:58:10,121.450593544,31.197613219,121.450737682,31.1971074912,0,0
2868,14:58:10,121.450593544,31.197613219,121.450737682,31.1971074912,0,0
2869,14:58:11,121.450593544,31.197613219,121.450737682,31.1971074912,0,0
2870,14:58:11,121.450593544,31.197613219,121.450737682,31.1971074912,0,0
2871,14:58:12,121.450593544,31.197613219,121.450737682,31.1971074912,0,0
2872,14:58:12,121.450593544,31.197613219,121.450737682,31.1971074912,0,0
2873,14:58:13,121.450593544,31.197613219,121.450737682,31.1971074912,0,0
2874,14:58:13,121.450593544,31.197613219,121.450737682,31.1971074912,0,0
2875,14:58:14,121.450593544,31.197613219,121.450737682,31.1971074912,0,0
2876,14:58:14,121.450593544,31.197613219,121.450737682,31.1971074912,0,0
2877,14:58:15,121.450593544,31.197613219,121.450737682,31.1971074912,0,0
2878,14:58:15,121.450593544,31.197613219,121.450737682,31.1971074912,0,0
2879,14:58:16,121.450593544,31.197613219,121.450737682,31.1971074912,0,0
2880,14:58:16,121.450736515,31.1971523849,121.450750942,31.1969857364,0,0
2881,14:58:16,121.450736515,31.1971523849,121.450750942,31.1969857364,0,0
2882,14:58:17,121.450736515,31.1971523849,121.450750942,31.1969857364,0,0
2883,14:58:17,121.450736515,31.1971523849,121.450750942,31.1969857364,0,0
2884,14:58:18,121.450736515,31.1971523849,121.450750942,31.1969857364,0,0
2885,14:58:18,121.450736515,31.1971523849,121.450750942,31.1969857364,0,0
2886,14:58:19,121.450736515,31.1971523849,121.450750942,31.1969857364,0,0
2887,14:58:19,121.450736515,31.1971523849,121.450750942,31.1969857364,0,0
2888,14:58:20,121.450736515,31.1971523849,121.450750942,31.1969857364,0,0
2889,14:58:20,121.450736515,31.1971523849,121.450750942,31.1969857364,0,0
2890,14:58:21,121.450736515,31.1971523849,121.450750942,31.1969857364,0,0
2891,14:58:21,121.450736515,31.1971523849,121.450750942,31.1969857364,0,0
2892,14:58:22,121.450736515,31.1971523849,121.450750942,31.1969857364,0,0
2893,14:58:22,121.450736515,31.1971523849,121.450750942,31.1969857364,0,0
2894,14:58:23,121.450736515,31.1971523849,121.450750942,31.1969857364,0,0
2895,14:58:23,121.450736515,31.1971523849,121.450750942,31.1969857364,0,0
2896,14:58:24,121.450736515,31.1971523849,121.450750942,31.1969857364,0,0
2897,14:58:24,121.450736515,31.1971523849,121.450750942,31.1969857364,0,0
2898,14:58:25,121.450736515,31.1971523849,121.450750942,31.1969857364,0,0
2899,14:58:25,121.450736515,31.1971523849,121.450750942,31.1969857364,0,0
2900,14:58:26,121.450593544,31.197613219,121.450820772,31.196857211,0,0
2901,14:58:26,121.450593544,31.197613219,121.450820772,31.196857211,0,0
2902,14:58:27,121.450593544,31.197613219,121.450820772,31.196857211,0,0
2903,14:58:27,121.450593544,31.197613219,121.450820772,31.196857211,0,0
2904,14:58:27,121.450593544,31.197613219,121.450820772,31.196857211,0,0
2905,14:58:28,121.450593544,31.197613219,121.450820772,31.196857211,0,0
2906,14:58:28,121.450593544,31.197613219,121.450820772,31.196857211,0,0
2907,14:58:29,121.450593544,31.197613219,121.450820772,31.196857211,0,0
2908,14:58:29,121.450593544,31.197613219,121.450820772,31.196857211,0,0
2909,14:58:30,121.450593544,31.197613219,121.450820772,31.196857211,0,0
2910,14:58:30,121.450593544,31.197613219,121.450820772,31.196857211,0,0
2911,14:58:31,121.450593544,31.197613219,121.450820772,31.196857211,0,0
2912,14:58:31,121.450593544,31.197613219,121.450820772,31.196857211,0,0
2913,14:58:32,121.450593544,31.197613219,121.450820772,31.196857211,0,0
2914,14:58:32,121.450593544,31.197613219,121.450820772,31.196857211,0,0
2915,14:58:33,121.450593544,31.197613219,121.450820772,31.196857211,0,0
2916,14:58:33,121.450593544,31.197613219,121.450820772,31.196857211,0,0
2917,14:58:34,121.450593544,31.197613219,121.450820772,31.196857211,0,0
2918,14:58:34,121.450593544,31.197613219,121.450820772,31.196857211,0,0
2919,14:58:35,121.450593544,31.197613219,121.450820772,31.196857211,0,0
2920,14:58:35,121.450940554,31.1967778331,121.450870647,31.1967270524,0,0
2921,14:58:36,121.450940554,31.1967778331,121.450870647,31.1967270524,0,0
2922,14:58:36,121.450940554,31.1967778331,121.450870647,31.1967270524,0,0
2923,14:58:37,121.450940554,31.1967778331,121.450870647,31.1967270524,0,0
2924,14:58:37,121.450940554,31.1967778331,121.450870647,31.1967270524,0,0
2925,14:58:38,121.450940554,31.1967778331,121.450870647,31.1967270524,0,0
2926,14:58:38,121.450940554,31.1967778331,121.450870647,31.1967270524,0,0
2927,14:58:39,121.450940554,31.1967778331,121.450870647,31.1967270524,0,0
2928,14:58:39,121.450940554,31.1967778331,121.450870647,31.1967270524,0,0
2929,14:58:40,121.450940554,31.1967778331,121.450870647,31.1967270524,0,0
2930,14:58:40,121.450940554,31.1967778331,121.450870647,31.1967270524,0,0
2931,14:58:40,121.450940554,31.1967778331,121.450870647,31.1967270524,0,0
2932,14:58:41,121.450940554,31.1967778331,121.450870647,31.1967270524,0,0
2933,14:58:41,121.450940554,31.1967778331,121.450870647,31.1967270524,0,0
2934,14:58:42,121.450940554,31.1967778331,121.450870647,31.1967270524,0,0
2935,14:58:42,121.450940554,31.1967778331,121.450870647,31.1967270524,0,0
2936,14:58:43,121.450940554,31.1967778331,121.450870647,31.1967270524,0,0
2937,14:58:43,121.450940554,31.1967778331,121.450870647,31.1967270524,0,0
2938,14:58:44,121.450940554,31.1967778331,121.450870647,31.1967270524,0,0
2939,14:58:44,121.450940554,31.1967778331,121.450870647,31.1967270524,0,0
2940,14:58:45,121.45110276,31.196520909,121.450910547,31.1966185934,0,0
2941,14:58:45,121.45110276,31.196520909,121.450910547,31.1966185934,0,0
2942,14:58:46,121.45110276,31.196520909,121.450910547,31.1966185934,0,0
2943,14:58:46,121.45110276,31.196520909,121.450910547,31.1966185934,0,0
2944,14:58:47,121.45110276,31.196520909,121.450910547,31.1966185934,0,0
2945,14:58:47,121.45110276,31.196520909,121.450910547,31.1966185934,0,0
2946,14:58:48,121.45110276,31.196520909,121.450910547,31.1966185934,0,0
2947,14:58:48,121.45110276,31.196520909,121.450910547,31.1966185934,0,0
2948,14:58:49,121.45110276,31.196520909,121.450910547,31.1966185934,0,0
2949,14:58:49,121.45110276,31.196520909,121.450910547,31.1966185934,0,0
2950,14:58:50,121.45110276,31.196520909,121.450910547,31.1966185934,0,0
2951,14:58:50,121.45110276,31.196520909,121.450910547,31.1966185934,0,0
2952,14:58:51,121.45110276,31.196520909,121.450910547,31.1966185934,0,0
2953,14:58:51,121.45110276,31.196520909,121.450910547,31.1966185934,0,0
2954,14:58:52,121.45110276,31.196520909,121.450910547,31.1966185934,0,0
2955,14:58:52,121.45110276,31.196520909,121.450910547,31.1966185934,0,0
2956,14:58:52,121.45110276,31.196520909,121.450910547,31.1966185934,0,0
2957,14:58:53,121.45110276,31.196520909,121.450910547,31.1966185934,0,0
2958,14:58:53,121.45110276,31.196520909,121.450910547,31.1966185934,0,0
2959,14:58:54,121.45110276,31.196520909,121.450910547,31.1966185934,0,0
2960,14:58:54,121.45110276,31.196520909,121.450965413,31.1965184399,0,0
2961,14:58:55,121.45110276,31.196520909,121.450965413,31.1965184399,0,0
2962,14:58:55,121.45110276,31.196520909,121.450965413,31.1965184399,0,0
2963,14:58:56,121.45110276,31.196520909,121.450965413,31.1965184399,0,0
2964,14:58:56,121.45110276,31.196520909,121.450965413,31.1965184399,0,0
2965,14:58:57,121.45110276,31.196520909,121.450965413,31.1965184399,0,0
2966,14:58:57,121.45110276,31.196520909,121.450965413,31.1965184399,0,0
2967,14:58:58,121.45110276,31.196520909,121.450965413,31.1965184399,0,0
2968,14:58:58,121.45110276,31.196520909,121.450965413,31.1965184399,0,0
2969,14:58:59,121.45110276,31.196520909,121.450965413,31.1965184399,0,0
2970,14:58:59,121.45110276,31.196520909,121.450965413,31.1965184399,0,0
2971,14:59:00,121.45110276,31.196520909,121.450965413,31.1965184399,0,0
2972,14:59:00,121.45110276,31.196520909,121.450965413,31.1965184399,0,0
2973,14:59:01,121.45110276,31.196520909,121.450965413,31.1965184399,0,0
2974,14:59:01,121.45110276,31.196520909,121.450965413,31.1965184399,0,0
2975,14:59:02,121.45110276,31.196520909,121.450965413,31.1965184399,0,0
2976,14:59:02,121.45110276,31.196520909,121.450965413,31.1965184399,0,0
2977,14:59:03,121.45110276,31.196520909,121.450965413,31.1965184399,0,0
2978,14:59:03,121.45110276,31.196520909,121.450965413,31.1965184399,0,0
2979,14:59:04,121.45110276,31.196520909,121.450965413,31.1965184399,0,0
2980,14:59:04,121.45110276,31.196520909,121.451028662,31.1964299359,0,0
2981,14:59:04,121.45110276,31.196520909,121.451028662,31.1964299359,0,0
2982,14:59:05,121.45110276,31.196520909,121.451028662,31.1964299359,0,0
2983,14:59:05,121.45110276,31.196520909,121.451028662,31.1964299359,0,0
2984,14:59:06,121.45110276,31.196520909,121.451028662,31.1964299359,0,0
2985,14:59:06,121.45110276,31.196520909,121.451028662,31.1964299359,0,0
2986,14:59:07,121.45110276,31.196520909,121.451028662,31.1964299359,0,0
2987,14:59:07,121.45110276,31.196520909,121.451028662,31.1964299359,0,0
2988,14:59:08,121.45110276,31.196520909,121.451028662,31.1964299359,0,0
2989,14:59:08,121.45110276,31.196520909,121.451028662,31.1964299359,0,0
2990,14:59:09,121.45110276,31.196520909,121.451028662,31.1964299359,0,0
2991,14:59:09,121.45110276,31.196520909,121.451028662,31.1964299359,0,0
2992,14:59:10,121.45110276,31.196520909,121.451028662,31.1964299359,0,0
2993,14:59:10,121.45110276,31.196520909,121.451028662,31.1964299359,0,0
2994,14:59:11,121.45110276,31.196520909,121.451028662,31.1964299359,0,0
2995,14:59:11,121.45110276,31.196520909,121.451028662,31.1964299359,0,0
2996,14:59:12,121.45110276,31.196520909,121.451028662,31.1964299359,0,0
2997,14:59:12,121.45110276,31.196520909,121.451028662,31.1964299359,0,0
2998,14:59:13,121.45110276,31.196520909,121.451028662,31.1964299359,0,0
2999,14:59:13,121.45110276,31.196520909,121.451028662,31.1964299359,0,0
3000,14:59:14,121.450593544,31.197613219,121.451096798,31.1963330984,0,0
3001,14:59:14,121.450593544,31.197613219,121.451096798,31.1963330984,0,0
3002,14:59:15,121.450593544,31.197613219,121.451096798,31.1963330984,0,0
3003,14:59:15,121.450593544,31.197613219,121.451096798,31.1963330984,0,0
3004,14:59:16,121.450593544,31.197613219,121.451096798,31.1963330984,0,0
3005,14:59:16,121.450593544,31.197613219,121.451096798,31.1963330984,0,0
3006,14:59:16,121.450593544,31.197613219,121.451096798,31.1963330984,0,0
3007,14:59:17,121.450593544,31.197613219,121.451096798,31.1963330984,0,0
3008,14:59:17,121.450593544,31.197613219,121.451096798,31.1963330984,0,0
3009,14:59:18,121.450593544,31.197613219,121.451096798,31.1963330984,0,0
3010,14:59:18,121.450593544,31.197613219,121.451096798,31.1963330984,0,0
3011,14:59:19,121.450593544,31.197613219,121.451096798,31.1963330984,0,0
3012,14:59:19,121.450593544,31.197613219,121.451096798,31.1963330984,0,0
3013,14:59:20,121.450593544,31.197613219,121.451096798,31.1963330984,0,0
3014,14:59:20,121.450593544,31.197613219,121.451096798,31.1963330984,0,0
3015,14:59:21,121.450593544,31.197613219,121.451096798,31.1963330984,0,0
3016,14:59:21,121.450593544,31.197613219,121.451096798,31.1963330984,0,0
3017,14:59:22,121.450593544,31.197613219,121.451096798,31.1963330984,0,0
3018,14:59:22,121.450593544,31.197613219,121.451096798,31.1963330984,0,0
3019,14:59:23,121.450593544,31.197613219,121.451096798,31.1963330984,0,0
3020,14:59:23,121.450736515,31.1971523849,121.451164936,31.196269597,0,0
3021,14:59:24,121.450736515,31.1971523849,121.451164936,31.196269597,0,0
3022,14:59:24,121.450736515,31.1971523849,121.451164936,31.196269597,0,0
3023,14:59:25,121.450736515,31.1971523849,121.451164936,31.196269597,0,0
3024,14:59:25,121.450736515,31.1971523849,121.451164936,31.196269597,0,0
3025,14:59:26,121.450736515,31.1971523849,121.451164936,31.196269597,0,0
3026,14:59:26,121.450736515,31.1971523849,121.451164936,31.196269597,0,0
3027,14:59:27,121.450736515,31.1971523849,121.451164936,31.196269597,0,0
3028,14:59:27,121.450736515,31.1971523849,121.451164936,31.196269597,0,0
3029,14:59:28,121.450736515,31.1971523849,121.451164936,31.196269597,0,0
3030,14:59:28,121.450736515,31.1971523849,121.451164936,31.196269597,0,0
3031,14:59:28,121.450736515,31.1971523849,121.451164936,31.196269597,0,0
3032,14:59:29,121.450736515,31.1971523849,121.451164936,31.196269597,0,0
3033,14:59:29,121.450736515,31.1971523849,121.451164936,31.196269597,0,0
3034,14:59:30,121.450736515,31.1971523849,121.451164936,31.196269597,0,0
3035,14:59:30,121.450736515,31.1971523849,121.451164936,31.196269597,0,0
3036,14:59:31,121.450736515,31.1971523849,121.451164936,31.196269597,0,0
3037,14:59:31,121.450736515,31.1971523849,121.451164936,31.196269597,0,0
3038,14:59:32,121.450736515,31.1971523849,121.451164936,31.196269597,0,0
3039,14:59:32,121.450736515,31.1971523849,121.451164936,31.196269597,0,0
3040,14:59:33,121.452767154,31.1940834982,121.451253132,31.1962394134,0,0
3041,14:59:33,121.452767154,31.1940834982,121.451253132,31.1962394134,0,0
3042,14:59:34,121.452767154,31.1940834982,121.451253132,31.1962394134,0,0
3043,14:59:34,121.452767154,31.1940834982,121.451253132,31.1962394134,0,0
3044,14:59:35,121.452767154,31.1940834982,121.451253132,31.1962394134,0,0
3045,14:59:35,121.452767154,31.1940834982,121.451253132,31.1962394134,0,0
3046,14:59:36,121.452767154,31.1940834982,121.451253132,31.1962394134,0,0
3047,14:59:36,121.452767154,31.1940834982,121.451253132,31.1962394134,0,0
3048,14:59:37,121.452767154,31.1940834982,121.451253132,31.1962394134,0,0
3049,14:59:37,121.452767154,31.1940834982,121.451253132,31.1962394134,0,0
3050,14:59:38,121.452767154,31.1940834982,121.451253132,31.1962394134,0,0
3051,14:59:38,121.452767154,31.1940834982,121.451253132,31.1962394134,0,0
3052,14:59:39,121.452767154,31.1940834982,121.451253132,31.1962394134,0,0
3053,14:59:39,121.452767154,31.1940834982,121.451253132,31.1962394134,0,0
3054,14:59:40,121.452767154,31.1940834982,121.451253132,31.1962394134,0,0
3055,14:59:40,121.452767154,31.1940834982,121.451253132,31.1962394134,0,0
3056,14:59:40,121.452767154,31.1940834982,121.451253132,31.1962394134,0,0
3057,14:59:41,121.452767154,31.1940834982,121.451253132,31.1962394134,0,0
3058,14:59:41,121.452767154,31.1940834982,121.451253132,31.1962394134,0,0
3059,14:59:43,121.452767154,31.1940834982,121.451253132,31.1962394134,0,0
3060,14:59:43,121.452767154,31.1940834982,121.451321266,31.1961308995,0,0
3061,14:59:43,121.452767154,31.1940834982,121.451321266,31.1961308995,0,0
3062,15:00:12,121.452767154,31.1940834982,121.451321266,31.1961308995,0,0
3063,15:00:12,121.452767154,31.1940834982,121.451321266,31.1961308995,0,0
3064,15:00:13,121.452767154,31.1940834982,121.451321266,31.1961308995,0,0
3065,15:00:13,121.452767154,31.1940834982,121.451321266,31.1961308995,0,0
3066,15:00:14,121.452767154,31.1940834982,121.451321266,31.1961308995,0,0
3067,15:00:15,121.452767154,31.1940834982,121.451321266,31.1961308995,0,0
3068,15:00:15,121.452767154,31.1940834982,121.451321266,31.1961308995,0,0
3069,15:00:16,121.452767154,31.1940834982,121.451321266,31.1961308995,0,0
3070,15:00:16,121.452767154,31.1940834982,121.451321266,31.1961308995,0,0
3071,15:00:16,121.452767154,31.1940834982,121.451321266,31.1961308995,0,0
3072,15:00:17,121.452767154,31.1940834982,121.451321266,31.1961308995,0,0
3073,15:00:17,121.452767154,31.1940834982,121.451321266,31.1961308995,0,0
3074,15:00:18,121.452767154,31.1940834982,121.451321266,31.1961308995,0,0
3075,15:00:18,121.452767154,31.1940834982,121.451321266,31.1961308995,0,0
3076,15:00:19,121.452767154,31.1940834982,121.451321266,31.1961308995,0,0
3077,15:00:19,121.452767154,31.1940834982,121.451321266,31.1961308995,0,0
3078,15:00:20,121.452767154,31.1940834982,121.451321266,31.1961308995,0,0
3079,15:00:20,121.452767154,31.1940834982,121.451321266,31.1961308995,0,0
3080,15:00:21,121.452660699,31.1942654215,121.45141771,31.1957355205,0,0
3081,15:00:21,121.452660699,31.1942654215,121.45141771,31.1957355205,0,0
3082,15:00:22,121.452660699,31.1942654215,121.45141771,31.1957355205,0,0
3083,15:00:22,121.452660699,31.1942654215,121.45141771,31.1957355205,0,0
3084,15:00:23,121.452660699,31.1942654215,121.45141771,31.1957355205,0,0
3085,15:00:23,121.452660699,31.1942654215,121.45141771,31.1957355205,0,0
3086,15:00:24,121.452660699,31.1942654215,121.45141771,31.1957355205,0,0
3087,15:00:24,121.452660699,31.1942654215,121.45141771,31.1957355205,0,0
3088,15:00:25,121.452660699,31.1942654215,121.45141771,31.1957355205,0,0
3089,15:00:25,121.452660699,31.1942654215,121.45141771,31.1957355205,0,0
3090,15:00:26,121.452660699,31.1942654215,121.45141771,31.1957355205,0,0
3091,15:00:26,121.452660699,31.1942654215,121.45141771,31.1957355205,0,0
3092,15:00:27,121.452660699,31.1942654215,121.45141771,31.1957355205,0,0
3093,15:00:27,121.452660699,31.1942654215,121.45141771,31.1957355205,0,0
3094,15:00:28,121.452660699,31.1942654215,121.45141771,31.1957355205,0,0
3095,15:00:28,121.452660699,31.1942654215,121.45141771,31.1957355205,0,0
3096,15:00:28,121.452660699,31.1942654215,121.45141771,31.1957355205,0,0
3097,15:00:29,121.452660699,31.1942654215,121.45141771,31.1957355205,0,0
3098,15:00:29,121.452660699,31.1942654215,121.45141771,31.1957355205,0,0
3099,15:00:30,121.452660699,31.1942654215,121.45141771,31.1957355205,0,0
3100,15:00:30,121.452318166,31.1943890603,121.451460902,31.195628715,0,0
3101,15:00:31,121.452318166,31.1943890603,121.451460902,31.195628715,0,0
3102,15:00:31,121.452318166,31.1943890603,121.451460902,31.195628715,0,0
3103,15:00:32,121.452318166,31.1943890603,121.451460902,31.195628715,0,0
3104,15:00:32,121.452318166,31.1943890603,121.451460902,31.195628715,0,0
3105,15:00:33,121.452318166,31.1943890603,121.451460902,31.195628715,0,0
3106,15:00:33,121.452318166,31.1943890603,121.451460902,31.195628715,0,0
3107,15:00:34,121.452318166,31.1943890603,121.451460902,31.195628715,0,0
3108,15:00:34,121.452318166,31.1943890603,121.451460902,31.195628715,0,0
3109,15:00:35,121.452318166,31.1943890603,121.451460902,31.195628715,0,0
3110,15:00:35,121.452318166,31.1943890603,121.451460902,31.195628715,0,0
3111,15:00:36,121.452318166,31.1943890603,121.451460902,31.195628715,0,0
3112,15:00:36,121.452318166,31.1943890603,121.451460902,31.195628715,0,0
3113,15:00:37,121.452318166,31.1943890603,121.451460902,31.195628715,0,0
3114,15:00:37,121.452318166,31.1943890603,121.451460902,31.195628715,0,0
3115,15:00:38,121.452318166,31.1943890603,121.451460902,31.195628715,0,0
3116,15:00:38,121.452318166,31.1943890603,121.451460902,31.195628715,0,0
3117,15:00:39,121.452318166,31.1943890603,121.451460902,31.195628715,0,0
3118,15:00:39,121.452318166,31.1943890603,121.451460902,31.195628715,0,0
3119,15:00:40,121.452318166,31.1943890603,121.451460902,31.195628715,0,0
3120,15:00:40,121.452660699,31.1942654215,121.451542404,31.1955135015,0,0
3121,15:00:40,121.452660699,31.1942654215,121.451542404,31.1955135015,0,0
3122,15:00:41,121.452660699,31.1942654215,121.451542404,31.1955135015,0,0
3123,15:00:41,121.452660699,31.1942654215,121.451542404,31.1955135015,0,0
3124,15:00:42,121.452660699,31.1942654215,121.451542404,31.1955135015,0,0
3125,15:00:42,121.452660699,31.1942654215,121.451542404,31.1955135015,0,0
3126,15:00:43,121.452660699,31.1942654215,121.451542404,31.1955135015,0,0
3127,15:00:43,121.452660699,31.1942654215,121.451542404,31.1955135015,0,0
3128,15:00:44,121.452660699,31.1942654215,121.451542404,31.1955135015,0,0
3129,15:00:44,121.452660699,31.1942654215,121.451542404,31.1955135015,0,0
3130,15:00:45,121.452660699,31.1942654215,121.451542404,31.1955135015,0,0
3131,15:00:45,121.452660699,31.1942654215,121.451542404,31.1955135015,0,0
3132,15:00:46,121.452660699,31.1942654215,121.451542404,31.1955135015,0,0
3133,15:00:46,121.452660699,31.1942654215,121.451542404,31.1955135015,0,0
3134,15:00:47,121.452660699,31.1942654215,121.451542404,31.1955135015,0,0
3135,15:00:47,121.452660699,31.1942654215,121.451542404,31.1955135015,0,0
3136,15:00:48,121.452660699,31.1942654215,121.451542404,31.1955135015,0,0
3137,15:00:48,121.452660699,31.1942654215,121.451542404,31.1955135015,0,0
3138,15:00:49,121.452660699,31.1942654215,121.451542404,31.1955135015,0,0
3139,15:00:49,121.452660699,31.1942654215,121.451542404,31.1955135015,0,0
3140,15:00:50,121.452767154,31.1940834982,121.451622212,31.1954183009,0,0
3141,15:00:50,121.452767154,31.1940834982,121.451622212,31.1954183009,0,0
3142,15:00:51,121.452767154,31.1940834982,121.451622212,31.1954183009,0,0
3143,15:00:51,121.452767154,31.1940834982,121.451622212,31.1954183009,0,0
3144,15:00:52,121.452767154,31.1940834982,121.451622212,31.1954183009,0,0
3145,15:00:52,121.452767154,31.1940834982,121.451622212,31.1954183009,0,0
3146,15:00:52,121.452767154,31.1940834982,121.451622212,31.1954183009,0,0
3147,15:00:53,121.452767154,31.1940834982,121.451622212,31.1954183009,0,0
3148,15:00:53,121.452767154,31.1940834982,121.451622212,31.1954183009,0,0
3149,15:00:54,121.452767154,31.1940834982,121.451622212,31.1954183009,0,0
3150,15:00:54,121.452767154,31.1940834982,121.451622212,31.1954183009,0,0
3151,15:00:55,121.452767154,31.1940834982,121.451622212,31.1954183009,0,0
3152,15:00:55,121.452767154,31.1940834982,121.451622212,31.1954183009,0,0
3153,15:00:56,121.452767154,31.1940834982,121.451622212,31.1954183009,0,0
3154,15:00:56,121.452767154,31.1940834982,121.451622212,31.1954183009,0,0
3155,15:00:57,121.452767154,31.1940834982,121.451622212,31.1954183009,0,0
3156,15:00:57,121.452767154,31.1940834982,121.451622212,31.1954183009,0,0
3157,15:00:58,121.452767154,31.1940834982,121.451622212,31.1954183009,0,0
3158,15:00:58,121.452767154,31.1940834982,121.451622212,31.1954183009,0,0
3159,15:00:59,121.452767154,31.1940834982,121.451622212,31.1954183009,0,0
3160,15:00:59,121.451805046,31.1954406586,121.451716986,31.1953447517,0,0
3161,15:01:00,121.451805046,31.1954406586,121.451716986,31.1953447517,0,0
3162,15:01:00,121.451805046,31.1954406586,121.451716986,31.1953447517,0,0
3163,15:01:01,121.451805046,31.1954406586,121.451716986,31.1953447517,0,0
3164,15:01:01,121.451805046,31.1954406586,121.451716986,31.1953447517,0,0
3165,15:01:02,121.451805046,31.1954406586,121.451716986,31.1953447517,0,0
3166,15:01:02,121.451805046,31.1954406586,121.451716986,31.1953447517,0,0
3167,15:01:03,121.451805046,31.1954406586,121.451716986,31.1953447517,0,0
3168,15:01:03,121.451805046,31.1954406586,121.451716986,31.1953447517,0,0
3169,15:01:04,121.451805046,31.1954406586,121.451716986,31.1953447517,0,0
3170,15:01:04,121.451805046,31.1954406586,121.451716986,31.1953447517,0,0
3171,15:01:04,121.451805046,31.1954406586,121.451716986,31.1953447517,0,0
3172,15:01:05,121.451805046,31.1954406586,121.451716986,31.1953447517,0,0
3173,15:01:05,121.451805046,31.1954406586,121.451716986,31.1953447517,0,0
3174,15:01:06,121.451805046,31.1954406586,121.451716986,31.1953447517,0,0
3175,15:01:06,121.451805046,31.1954406586,121.451716986,31.1953447517,0,0
3176,15:01:07,121.451805046,31.1954406586,121.451716986,31.1953447517,0,0
3177,15:01:07,121.451805046,31.1954406586,121.451716986,31.1953447517,0,0
3178,15:01:08,121.451805046,31.1954406586,121.451716986,31.1953447517,0,0
3179,15:01:08,121.451805046,31.1954406586,121.451716986,31.1953447517,0,0
3180,15:01:09,121.452767154,31.1940834982,121.451780133,31.1952629193,0,0
3181,15:01:09,121.452767154,31.1940834982,121.451780133,31.1952629193,0,0
3182,15:01:10,121.452767154,31.1940834982,121.451780133,31.1952629193,0,0
3183,15:01:10,121.452767154,31.1940834982,121.451780133,31.1952629193,0,0
3184,15:01:11,121.452767154,31.1940834982,121.451780133,31.1952629193,0,0
3185,15:01:11,121.452767154,31.1940834982,121.451780133,31.1952629193,0,0
3186,15:01:12,121.452767154,31.1940834982,121.451780133,31.1952629193,0,0
3187,15:01:12,121.452767154,31.1940834982,121.451780133,31.1952629193,0,0
3188,15:01:13,121.452767154,31.1940834982,121.451780133,31.1952629193,0,0
3189,15:01:13,121.452767154,31.1940834982,121.451780133,31.1952629193,0,0
3190,15:01:14,121.452767154,31.1940834982,121.451780133,31.1952629193,0,0
3191,15:01:14,121.452767154,31.1940834982,121.451780133,31.1952629193,0,0
3192,15:01:15,121.452767154,31.1940834982,121.451780133,31.1952629193,0,0
3193,15:01:15,121.452767154,31.1940834982,121.451780133,31.1952629193,0,0
3194,15:01:16,121.452767154,31.1940834982,121.451780133,31.1952629193,0,0
3195,15:01:16,121.452767154,31.1940834982,121.451780133,31.1952629193,0,0
3196,15:01:16,121.452767154,31.1940834982,121.451780133,31.1952629193,0,0
3197,15:01:17,121.452767154,31.1940834982,121.451780133,31.1952629193,0,0
3198,15:01:17,121.452767154,31.1940834982,121.451780133,31.1952629193,0,0
3199,15:01:18,121.452767154,31.1940834982,121.451780133,31.1952629193,0,0
3200,15:01:18,121.452767154,31.1940834982,121.45182502,31.1951544492,0,0
3201,15:01:19,121.452767154,31.1940834982,121.45182502,31.1951544492,0,0
3202,15:01:19,121.452767154,31.1940834982,121.45182502,31.1951544492,0,0
3203,15:01:20,121.452767154,31.1940834982,121.45182502,31.1951544492,0,0
3204,15:01:20,121.452767154,31.1940834982,121.45182502,31.1951544492,0,0
3205,15:01:21,121.452767154,31.1940834982,121.45182502,31.1951544492,0,0
3206,15:01:21,121.452767154,31.1940834982,121.45182502,31.1951544492,0,0
3207,15:01:22,121.452767154,31.1940834982,121.45182502,31.1951544492,0,0
3208,15:01:22,121.452767154,31.1940834982,121.45182502,31.1951544492,0,0
3209,15:01:23,121.452767154,31.1940834982,121.45182502,31.1951544492,0,0
3210,15:01:23,121.452767154,31.1940834982,121.45182502,31.1951544492,0,0
3211,15:01:24,121.452767154,31.1940834982,121.45182502,31.1951544492,0,0
3212,15:01:24,121.452767154,31.1940834982,121.45182502,31.1951544492,0,0
3213,15:01:25,121.452767154,31.1940834982,121.45182502,31.1951544492,0,0
3214,15:01:25,121.452767154,31.1940834982,121.45182502,31.1951544492,0,0
3215,15:01:26,121.452767154,31.1940834982,121.45182502,31.1951544492,0,0
3216,15:01:26,121.452767154,31.1940834982,121.45182502,31.1951544492,0,0
3217,15:01:27,121.452767154,31.1940834982,121.45182502,31.1951544492,0,0
3218,15:01:27,121.452767154,31.1940834982,121.45182502,31.1951544492,0,0
3219,15:01:28,121.452767154,31.1940834982,121.45182502,31.1951544492,0,0
3220,15:01:28,121.452767154,31.1940834982,121.451838279,31.1950426986,0,0
3221,15:01:28,121.452767154,31.1940834982,121.451838279,31.1950426986,0,0
3222,15:01:29,121.452767154,31.1940834982,121.451838279,31.1950426986,0,0
3223,15:01:29,121.452767154,31.1940834982,121.451838279,31.1950426986,0,0
3224,15:01:30,121.452767154,31.1940834982,121.451838279,31.1950426986,0,0
3225,15:01:30,121.452767154,31.1940834982,121.451838279,31.1950426986,0,0
3226,15:01:31,121.452767154,31.1940834982,121.451838279,31.1950426986,0,0
3227,15:01:31,121.452767154,31.1940834982,121.451838279,31.1950426986,0,0
3228,15:01:32,121.452767154,31.1940834982,121.451838279,31.1950426986,0,0
3229,15:01:32,121.452767154,31.1940834982,121.451838279,31.1950426986,0,0
3230,15:01:33,121.452767154,31.1940834982,121.451838279,31.1950426986,0,0
3231,15:01:33,121.452767154,31.1940834982,121.451838279,31.1950426986,0,0
3232,15:01:34,121.452767154,31.1940834982,121.451838279,31.1950426986,0,0
3233,15:01:34,121.452767154,31.1940834982,121.451838279,31.1950426986,0,0
3234,15:01:35,121.452767154,31.1940834982,121.451838279,31.1950426986,0,0
3235,15:01:35,121.452767154,31.1940834982,121.451838279,31.1950426986,0,0
3236,15:01:36,121.452767154,31.1940834982,121.451838279,31.1950426986,0,0
3237,15:01:36,121.452767154,31.1940834982,121.451838279,31.1950426986,0,0
3238,15:01:37,121.452767154,31.1940834982,121.451838279,31.1950426986,0,0
3239,15:01:37,121.452767154,31.1940834982,121.451838279,31.1950426986,0,0
3240,15:01:38,121.452767154,31.1940834982,121.451869897,31.1949409273,0,0
3241,15:01:38,121.452767154,31.1940834982,121.451869897,31.1949409273,0,0
3242,15:01:39,121.452767154,31.1940834982,121.451869897,31.1949409273,0,0
3243,15:01:39,121.452767154,31.1940834982,121.451869897,31.1949409273,0,0
3244,15:01:40,121.452767154,31.1940834982,121.451869897,31.1949409273,0,0
3245,15:01:40,121.452767154,31.1940834982,121.451869897,31.1949409273,0,0
3246,15:01:40,121.452767154,31.1940834982,121.451869897,31.1949409273,0,0
3247,15:01:41,121.452767154,31.1940834982,121.451869897,31.1949409273,0,0
3248,15:01:41,121.452767154,31.1940834982,121.451869897,31.1949409273,0,0
3249,15:01:42,121.452767154,31.1940834982,121.451869897,31.1949409273,0,0
3250,15:01:42,121.452767154,31.1940834982,121.451869897,31.1949409273,0,0
3251,15:01:43,121.452767154,31.1940834982,121.451869897,31.1949409273,0,0
3252,15:01:43,121.452767154,31.1940834982,121.451869897,31.1949409273,0,0
3253,15:01:44,121.452767154,31.1940834982,121.451869897,31.1949409273,0,0
3254,15:01:44,121.452767154,31.1940834982,121.451869897,31.1949409273,0,0
3255,15:01:45,121.452767154,31.1940834982,121.451869897,31.1949409273,0,0
3256,15:01:45,121.452767154,31.1940834982,121.451869897,31.1949409273,0,0
3257,15:01:46,121.452767154,31.1940834982,121.451869897,31.1949409273,0,0
3258,15:01:46,121.452767154,31.1940834982,121.451869897,31.1949409273,0,0
3259,15:01:47,121.452767154,31.1940834982,121.451869897,31.1949409273,0,0
3260,15:01:47,121.452318166,31.1943890603,121.451981329,31.1948273151,0,0
3261,15:01:48,121.452318166,31.1943890603,121.451981329,31.1948273151,0,0
3262,15:01:48,121.452318166,31.1943890603,121.451981329,31.1948273151,0,0
3263,15:01:49,121.452318166,31.1943890603,121.451981329,31.1948273151,0,0
3264,15:01:49,121.452318166,31.1943890603,121.451981329,31.1948273151,0,0
3265,15:01:50,121.452318166,31.1943890603,121.451981329,31.1948273151,0,0
3266,15:01:50,121.452318166,31.1943890603,121.451981329,31.1948273151,0,0
3267,15:01:51,121.452318166,31.1943890603,121.451981329,31.1948273151,0,0
3268,15:01:51,121.452318166,31.1943890603,121.451981329,31.1948273151,0,0
3269,15:01:52,121.452318166,31.1943890603,121.451981329,31.1948273151,0,0
3270,15:01:52,121.452318166,31.1943890603,121.451981329,31.1948273151,0,0
3271,15:01:52,121.452318166,31.1943890603,121.451981329,31.1948273151,0,0
3272,15:01:53,121.452318166,31.1943890603,121.451981329,31.1948273151,0,0
3273,15:01:53,121.452318166,31.1943890603,121.451981329,31.1948273151,0,0
3274,15:01:54,121.452318166,31.1943890603,121.451981329,31.1948273151,0,0
3275,15:01:54,121.452318166,31.1943890603,121.451981329,31.1948273151,0,0
3276,15:01:55,121.452318166,31.1943890603,121.451981329,31.1948273151,0,0
3277,15:01:55,121.452318166,31.1943890603,121.451981329,31.1948273151,0,0
3278,15:01:56,121.452318166,31.1943890603,121.451981329,31.1948273151,0,0
3279,15:01:56,121.452318166,31.1943890603,121.451981329,31.1948273151,0,0
3280,15:01:57,121.452767154,31.1940834982,121.452190835,31.1947602141,0,0
3281,15:01:57,121.452767154,31.1940834982,121.452190835,31.1947602141,0,0
3282,15:01:58,121.452767154,31.1940834982,121.452190835,31.1947602141,0,0
3283,15:01:58,121.452767154,31.1940834982,121.452190835,31.1947602141,0,0
3284,15:01:59,121.452767154,31.1940834982,121.452190835,31.1947602141,0,0
3285,15:01:59,121.452767154,31.1940834982,121.452190835,31.1947602141,0,0
3286,15:02:00,121.452767154,31.1940834982,121.452190835,31.1947602141,0,0
3287,15:02:00,121.452767154,31.1940834982,121.452190835,31.1947602141,0,0
3288,15:02:01,121.452767154,31.1940834982,121.452190835,31.1947602141,0,0
3289,15:02:01,121.452767154,31.1940834982,121.452190835,31.1947602141,0,0
3290,15:02:02,121.452767154,31.1940834982,121.452190835,31.1947602141,0,0
3291,15:02:02,121.452767154,31.1940834982,121.452190835,31.1947602141,0,0
3292,15:02:03,121.452767154,31.1940834982,121.452190835,31.1947602141,0,0
3293,15:02:03,121.452767154,31.1940834982,121.452190835,31.1947602141,0,0
3294,15:02:03,121.452767154,31.1940834982,121.452190835,31.1947602141,0,0
3295,15:02:04,121.452767154,31.1940834982,121.452190835,31.1947602141,0,0
3296,15:02:04,121.452767154,31.1940834982,121.452190835,31.1947602141,0,0
3297,15:02:05,121.452767154,31.1940834982,121.452190835,31.1947602141,0,0
3298,15:02:05,121.452767154,31.1940834982,121.452190835,31.1947602141,0,0
3299,15:02:06,121.452767154,31.1940834982,121.452190835,31.1947602141,0,0
3300,15:02:06,121.451976927,31.1951682901,121.452224049,31.1946567584,0,0
3301,15:02:07,121.451976927,31.1951682901,121.452224049,31.1946567584,0,0
3302,15:02:07,121.451976927,31.1951682901,121.452224049,31.1946567584,0,0
3303,15:02:08,121.451976927,31.1951682901,121.452224049,31.1946567584,0,0
3304,15:02:08,121.451976927,31.1951682901,121.452224049,31.1946567584,0,0
3305,15:02:09,121.451976927,31.1951682901,121.452224049,31.1946567584,0,0
3306,15:02:09,121.451976927,31.1951682901,121.452224049,31.1946567584,0,0
3307,15:02:10,121.451976927,31.1951682901,121.452224049,31.1946567584,0,0
3308,15:02:10,121.451976927,31.1951682901,121.452224049,31.1946567584,0,0
3309,15:02:11,121.451976927,31.1951682901,121.452224049,31.1946567584,0,0
3310,15:02:11,121.451976927,31.1951682901,121.452224049,31.1946567584,0,0
3311,15:02:12,121.451976927,31.1951682901,121.452224049,31.1946567584,0,0
3312,15:02:12,121.451976927,31.1951682901,121.452224049,31.1946567584,0,0
3313,15:02:13,121.451976927,31.1951682901,121.452224049,31.1946567584,0,0
3314,15:02:13,121.451976927,31.1951682901,121.452224049,31.1946567584,0,0
3315,15:02:14,121.451976927,31.1951682901,121.452224049,31.1946567584,0,0
3316,15:02:14,121.451976927,31.1951682901,121.452224049,31.1946567584,0,0
3317,15:02:15,121.451976927,31.1951682901,121.452224049,31.1946567584,0,0
3318,15:02:15,121.451976927,31.1951682901,121.452224049,31.1946567584,0,0
3319,15:02:16,121.451976927,31.1951682901,121.452224049,31.1946567584,0,0
3320,15:02:16,121.452318166,31.1943890603,121.452225742,31.1946217379,0,0
3321,15:02:16,121.452318166,31.1943890603,121.452225742,31.1946217379,0,0
3322,15:02:17,121.452318166,31.1943890603,121.452225742,31.1946217379,0,0
3323,15:02:17,121.452318166,31.1943890603,121.452225742,31.1946217379,0,0
3324,15:02:18,121.452318166,31.1943890603,121.452225742,31.1946217379,0,0
3325,15:02:18,121.452318166,31.1943890603,121.452225742,31.1946217379,0,0
3326,15:02:19,121.452318166,31.1943890603,121.452225742,31.1946217379,0,0
3327,15:02:19,121.452318166,31.1943890603,121.452225742,31.1946217379,0,0
3328,15:02:20,121.452318166,31.1943890603,121.452225742,31.1946217379,0,0
3329,15:02:20,121.452318166,31.1943890603,121.452225742,31.1946217379,0,0
3330,15:02:21,121.452318166,31.1943890603,121.452225742,31.1946217379,0,0
3331,15:02:21,121.452318166,31.1943890603,121.452225742,31.1946217379,0,0
3332,15:02:22,121.452318166,31.1943890603,121.452225742,31.1946217379,0,0
3333,15:02:22,121.452318166,31.1943890603,121.452225742,31.1946217379,0,0
3334,15:02:23,121.452318166,31.1943890603,121.452225742,31.1946217379,0,0
3335,15:02:23,121.452318166,31.1943890603,121.452225742,31.1946217379,0,0
3336,15:02:24,121.452318166,31.1943890603,121.452225742,31.1946217379,0,0
3337,15:02:24,121.452318166,31.1943890603,121.452225742,31.1946217379,0,0
3338,15:02:25,121.452318166,31.1943890603,121.452225742,31.1946217379,0,0
3339,15:02:25,121.452318166,31.1943890603,121.452225742,31.1946217379,0,0
3340,15:02:26,121.452318166,31.1943890603,121.452225742,31.1946217379,0,0
3341,15:02:26,121.452318166,31.1943890603,121.452225742,31.1946217379,0,0
3342,15:02:27,121.452318166,31.1943890603,121.452225742,31.1946217379,0,0
3343,15:02:27,121.452318166,31.1943890603,121.452225742,31.1946217379,0,0
3344,15:02:28,121.452318166,31.1943890603,121.452225742,31.1946217379,0,0
3345,15:02:28,121.452318166,31.1943890603,121.452225742,31.1946217379,0,0
3346,15:02:28,121.452318166,31.1943890603,121.452225742,31.1946217379,0,0
3347,15:02:29,121.452318166,31.1943890603,121.452225742,31.1946217379,0,0
3348,15:02:29,121.452318166,31.1943890603,121.452225742,31.1946217379,0,0
3349,15:02:30,121.452318166,31.1943890603,121.452225742,31.1946217379,0,0
3350,15:02:30,121.452318166,31.1943890603,121.452225742,31.1946217379,0,0
3351,15:02:31,121.452318166,31.1943890603,121.452225742,31.1946217379,0,0
3352,15:02:31,121.452318166,31.1943890603,121.452225742,31.1946217379,0,0
3353,15:02:32,121.452318166,31.1943890603,121.452225742,31.1946217379,0,0
3354,15:02:32,121.452318166,31.1943890603,121.452225742,31.1946217379,0,0
3355,15:02:33,121.452318166,31.1943890603,121.452225742,31.1946217379,0,0
3356,15:02:33,121.452318166,31.1943890603,121.452225742,31.1946217379,0,0
3357,15:02:34,121.452318166,31.1943890603,121.452225742,31.1946217379,0,0
3358,15:02:34,121.452318166,31.1943890603,121.452225742,31.1946217379,0,0
3359,15:02:35,121.452318166,31.1943890603,121.452225742,31.1946217379,0,0
3360,15:02:35,121.452318166,31.1943890603,121.452267239,31.1945582957,0,0
3361,15:02:36,121.452318166,31.1943890603,121.452267239,31.1945582957,0,0
3362,15:02:36,121.452318166,31.1943890603,121.452267239,31.1945582957,0,0
3363,15:02:37,121.452318166,31.1943890603,121.452267239,31.1945582957,0,0
3364,15:02:37,121.452318166,31.1943890603,121.452267239,31.1945582957,0,0
3365,15:02:38,121.452318166,31.1943890603,121.452267239,31.1945582957,0,0
3366,15:02:38,121.452318166,31.1943890603,121.452267239,31.1945582957,0,0
3367,15:02:39,121.452318166,31.1943890603,121.452267239,31.1945582957,0,0
3368,15:02:39,121.452318166,31.1943890603,121.452267239,31.1945582957,0,0
3369,15:02:40,121.452318166,31.1943890603,121.452267239,31.1945582957,0,0
3370,15:02:40,121.452318166,31.1943890603,121.452267239,31.1945582957,0,0
3371,15:02:41,121.452318166,31.1943890603,121.452267239,31.1945582957,0,0
3372,15:02:41,121.452318166,31.1943890603,121.452267239,31.1945582957,0,0
3373,15:02:41,121.452318166,31.1943890603,121.452267239,31.1945582957,0,0
3374,15:02:42,121.452318166,31.1943890603,121.452267239,31.1945582957,0,0
3375,15:02:42,121.452318166,31.1943890603,121.452267239,31.1945582957,0,0
3376,15:02:43,121.452318166,31.1943890603,121.452267239,31.1945582957,0,0
3377,15:02:43,121.452318166,31.1943890603,121.452267239,31.1945582957,0,0
3378,15:02:44,121.452318166,31.1943890603,121.452267239,31.1945582957,0,0
3379,15:02:44,121.452318166,31.1943890603,121.452267239,31.1945582957,0,0
3380,15:02:45,121.452318166,31.1943890603,121.45228888,31.1944548726,0,0
3381,15:02:45,121.452318166,31.1943890603,121.45228888,31.1944548726,0,0
3382,15:02:46,121.452318166,31.1943890603,121.45228888,31.1944548726,0,0
3383,15:02:46,121.452318166,31.1943890603,121.45228888,31.1944548726,0,0
3384,15:02:47,121.452318166,31.1943890603,121.45228888,31.1944548726,0,0
3385,15:02:47,121.452318166,31.1943890603,121.45228888,31.1944548726,0,0
3386,15:02:48,121.452318166,31.1943890603,121.45228888,31.1944548726,0,0
3387,15:02:48,121.452318166,31.1943890603,121.45228888,31.1944548726,0,0
3388,15:02:49,121.452318166,31.1943890603,121.45228888,31.1944548726,0,0
3389,15:02:49,121.452318166,31.1943890603,121.45228888,31.1944548726,0,0
3390,15:02:50,121.452318166,31.1943890603,121.45228888,31.1944548726,0,0
3391,15:02:50,121.452318166,31.1943890603,121.45228888,31.1944548726,0,0
3392,15:02:51,121.452318166,31.1943890603,121.45228888,31.1944548726,0,0
3393,15:02:51,121.452318166,31.1943890603,121.45228888,31.1944548726,0,0
3394,15:02:51,121.452318166,31.1943890603,121.45228888,31.1944548726,0,0
3395,15:02:52,121.452318166,31.1943890603,121.45228888,31.1944548726,0,0
3396,15:02:52,121.452318166,31.1943890603,121.45228888,31.1944548726,0,0
3397,15:02:53,121.452318166,31.1943890603,121.45228888,31.1944548726,0,0
3398,15:02:53,121.452318166,31.1943890603,121.45228888,31.1944548726,0,0
3399,15:02:54,121.452318166,31.1943890603,121.45228888,31.1944548726,0,0
3400,15:02:54,121.452767154,31.1940834982,121.452282186,31.1943531657,0,0
3401,15:02:55,121.452767154,31.1940834982,121.452282186,31.1943531657,0,0
3402,15:02:55,121.452767154,31.1940834982,121.452282186,31.1943531657,0,0
3403,15:02:56,121.452767154,31.1940834982,121.452282186,31.1943531657,0,0
3404,15:02:56,121.452767154,31.1940834982,121.452282186,31.1943531657,0,0
3405,15:02:57,121.452767154,31.1940834982,121.452282186,31.1943531657,0,0
3406,15:02:57,121.452767154,31.1940834982,121.452282186,31.1943531657,0,0
3407,15:02:58,121.452767154,31.1940834982,121.452282186,31.1943531657,0,0
3408,15:02:58,121.452767154,31.1940834982,121.452282186,31.1943531657,0,0
3409,15:02:59,121.452767154,31.1940834982,121.452282186,31.1943531657,0,0
3410,15:02:59,121.452767154,31.1940834982,121.452282186,31.1943531657,0,0
3411,15:03:00,121.452767154,31.1940834982,121.452282186,31.1943531657,0,0
3412,15:03:00,121.452767154,31.1940834982,121.452282186,31.1943531657,0,0
3413,15:03:01,121.452767154,31.1940834982,121.452282186,31.1943531657,0,0
3414,15:03:01,121.452767154,31.1940834982,121.452282186,31.1943531657,0,0
3415,15:03:02,121.452767154,31.1940834982,121.452282186,31.1943531657,0,0
3416,15:03:02,121.452767154,31.1940834982,121.452282186,31.1943531657,0,0
3417,15:03:03,121.452767154,31.1940834982,121.452282186,31.1943531657,0,0
3418,15:03:03,121.452767154,31.1940834982,121.452282186,31.1943531657,0,0
3419,15:03:04,121.452767154,31.1940834982,121.452282186,31.1943531657,0,0
3420,15:03:04,121.452767154,31.1940834982,121.452333767,31.1943647405,0,0
3421,15:03:04,121.452767154,31.1940834982,121.452333767,31.1943647405,0,0
3422,15:03:05,121.452767154,31.1940834982,121.452333767,31.1943647405,0,0
3423,15:03:05,121.452767154,31.1940834982,121.452333767,31.1943647405,0,0
3424,15:03:06,121.452767154,31.1940834982,121.452333767,31.1943647405,0,0
3425,15:03:06,121.452767154,31.1940834982,121.452333767,31.1943647405,0,0
3426,15:03:07,121.452767154,31.1940834982,121.452333767,31.1943647405,0,0
3427,15:03:07,121.452767154,31.1940834982,121.452333767,31.1943647405,0,0
3428,15:03:08,121.452767154,31.1940834982,121.452333767,31.1943647405,0,0
3429,15:03:08,121.452767154,31.1940834982,121.452333767,31.1943647405,0,0
3430,15:03:09,121.452767154,31.1940834982,121.452333767,31.1943647405,0,0
3431,15:03:09,121.452767154,31.1940834982,121.452333767,31.1943647405,0,0
3432,15:03:10,121.452767154,31.1940834982,121.452333767,31.1943647405,0,0
3433,15:03:10,121.452767154,31.1940834982,121.452333767,31.1943647405,0,0
3434,15:03:11,121.452767154,31.1940834982,121.452333767,31.1943647405,0,0
3435,15:03:11,121.452767154,31.1940834982,121.452333767,31.1943647405,0,0
3436,15:03:12,121.452767154,31.1940834982,121.452333767,31.1943647405,0,0
3437,15:03:12,121.452767154,31.1940834982,121.452333767,31.1943647405,0,0
3438,15:03:13,121.452767154,31.1940834982,121.452333767,31.1943647405,0,0
3439,15:03:13,121.452767154,31.1940834982,121.452333767,31.1943647405,0,0
3440,15:03:14,121.452660699,31.1942654215,121.45242854,31.1943111885,0,0
3441,15:03:14,121.452660699,31.1942654215,121.45242854,31.1943111885,0,0
3442,15:03:15,121.452660699,31.1942654215,121.45242854,31.1943111885,0,0
3443,15:03:16,121.452660699,31.1942654215,121.45242854,31.1943111885,0,0
3444,15:03:16,121.452660699,31.1942654215,121.45242854,31.1943111885,0,0
3445,15:03:16,121.452660699,31.1942654215,121.45242854,31.1943111885,0,0
3446,15:03:41,121.452660699,31.1942654215,121.45242854,31.1943111885,0,0
3447,15:03:42,121.452660699,31.1942654215,121.45242854,31.1943111885,0,0
3448,15:03:42,121.452660699,31.1942654215,121.45242854,31.1943111885,0,0
3449,15:03:44,121.452660699,31.1942654215,121.45242854,31.1943111885,0,0
3450,15:03:45,121.452660699,31.1942654215,121.45242854,31.1943111885,0,0
3451,15:03:45,121.452660699,31.1942654215,121.45242854,31.1943111885,0,0
3452,15:03:46,121.452660699,31.1942654215,121.45242854,31.1943111885,0,0
3453,15:03:46,121.452660699,31.1942654215,121.45242854,31.1943111885,0,0
3454,15:03:47,121.452660699,31.1942654215,121.45242854,31.1943111885,0,0
3455,15:03:48,121.452660699,31.1942654215,121.45242854,31.1943111885,0,0
3456,15:03:48,121.452660699,31.1942654215,121.45242854,31.1943111885,0,0
3457,15:03:49,121.452660699,31.1942654215,121.45242854,31.1943111885,0,0
3458,15:03:49,121.452660699,31.1942654215,121.45242854,31.1943111885,0,0
3459,15:03:50,121.452660699,31.1942654215,121.45242854,31.1943111885,0,0
3460,15:03:50,121.452934409,31.193793897,121.452741079,31.1940020919,121.453234574,31.1935959143
3461,15:03:51,121.452934409,31.193793897,121.452741079,31.1940020919,121.453234574,31.1935959143
3462,15:03:51,121.452934409,31.193793897,121.452741079,31.1940020919,121.453234574,31.1935959143
3463,15:03:52,121.452934409,31.193793897,121.452741079,31.1940020919,121.453234574,31.1935959143
3464,15:03:53,121.452934409,31.193793897,121.452741079,31.1940020919,121.453234574,31.1935959143
3465,15:03:53,121.452934409,31.193793897,121.452741079,31.1940020919,121.453234574,31.1935959143
3466,15:03:54,121.452934409,31.193793897,121.452741079,31.1940020919,121.453234574,31.1935959143
3467,15:03:54,121.452934409,31.193793897,121.452741079,31.1940020919,121.453234574,31.1935959143
3468,15:03:55,121.452934409,31.193793897,121.452741079,31.1940020919,121.453234574,31.1935959143
3469,15:03:55,121.452934409,31.193793897,121.452741079,31.1940020919,121.453234574,31.1935959143
3470,15:03:56,121.452934409,31.193793897,121.452741079,31.1940020919,121.453234574,31.1935959143
3471,15:03:56,121.452934409,31.193793897,121.452741079,31.1940020919,121.453234574,31.1935959143
3472,15:03:57,121.452934409,31.193793897,121.452741079,31.1940020919,121.453234574,31.1935959143
3473,15:03:57,121.452934409,31.193793897,121.452741079,31.1940020919,121.453234574,31.1935959143
3474,15:03:58,121.452934409,31.193793897,121.452741079,31.1940020919,121.453234574,31.1935959143
3475,15:03:58,121.452934409,31.193793897,121.452741079,31.1940020919,121.453234574,31.1935959143
3476,15:03:59,121.452934409,31.193793897,121.452741079,31.1940020919,121.453234574,31.1935959143
3477,15:03:59,121.452934409,31.193793897,121.452741079,31.1940020919,121.453234574,31.1935959143
3478,15:03:59,121.452934409,31.193793897,121.452741079,31.1940020919,121.453234574,31.1935959143
3479,15:04:00,121.452934409,31.193793897,121.452741079,31.1940020919,121.453234574,31.1935959143
3480,15:04:00,121.452934409,31.193793897,121.452771003,31.1939486766,121.453234574,31.1935959143
3481,15:04:01,121.452934409,31.193793897,121.452771003,31.1939486766,121.453234574,31.1935959143
3482,15:04:01,121.452934409,31.193793897,121.452771003,31.1939486766,121.453234574,31.1935959143
3483,15:04:02,121.452934409,31.193793897,121.452771003,31.1939486766,121.453234574,31.1935959143
3484,15:04:02,121.452934409,31.193793897,121.452771003,31.1939486766,121.453234574,31.1935959143
3485,15:04:03,121.452934409,31.193793897,121.452771003,31.1939486766,121.453234574,31.1935959143
3486,15:04:03,121.452934409,31.193793897,121.452771003,31.1939486766,121.453234574,31.1935959143
3487,15:04:04,121.452934409,31.193793897,121.452771003,31.1939486766,121.453234574,31.1935959143
3488,15:04:04,121.452934409,31.193793897,121.452771003,31.1939486766,121.453234574,31.1935959143
3489,15:04:05,121.452934409,31.193793897,121.452771003,31.1939486766,121.453234574,31.1935959143
3490,15:04:05,121.452934409,31.193793897,121.452771003,31.1939486766,121.453234574,31.1935959143
3491,15:04:06,121.452934409,31.193793897,121.452771003,31.1939486766,121.453234574,31.1935959143
3492,15:04:06,121.452934409,31.193793897,121.452771003,31.1939486766,121.453234574,31.1935959143
3493,15:04:07,121.452934409,31.193793897,121.452771003,31.1939486766,121.453234574,31.1935959143
3494,15:04:07,121.452934409,31.193793897,121.452771003,31.1939486766,121.453234574,31.1935959143
3495,15:04:08,121.452934409,31.193793897,121.452771003,31.1939486766,121.453234574,31.1935959143
3496,15:04:08,121.452934409,31.193793897,121.452771003,31.1939486766,121.453234574,31.1935959143
3497,15:04:09,121.452934409,31.193793897,121.452771003,31.1939486766,121.453234574,31.1935959143
3498,15:04:09,121.452934409,31.193793897,121.452771003,31.1939486766,121.453234574,31.1935959143
3499,15:04:10,121.452934409,31.193793897,121.452771003,31.1939486766,121.453234574,31.1935959143
3500,15:04:10,121.45308286,31.1935101625,121.452819285,31.1939018883,121.453234574,31.1935959143
3501,15:04:11,121.45308286,31.1935101625,121.452819285,31.1939018883,121.453234574,31.1935959143
3502,15:04:11,121.45308286,31.1935101625,121.452819285,31.1939018883,121.453234574,31.1935959143
3503,15:04:12,121.45308286,31.1935101625,121.452819285,31.1939018883,121.453234574,31.1935959143
3504,15:04:12,121.45308286,31.1935101625,121.452819285,31.1939018883,121.453234574,31.1935959143
3505,15:04:12,121.45308286,31.1935101625,121.452819285,31.1939018883,121.453234574,31.1935959143
3506,15:04:13,121.45308286,31.1935101625,121.452819285,31.1939018883,121.453234574,31.1935959143
3507,15:04:13,121.45308286,31.1935101625,121.452819285,31.1939018883,121.453234574,31.1935959143
3508,15:04:14,121.45308286,31.1935101625,121.452819285,31.1939018883,121.453234574,31.1935959143
3509,15:04:14,121.45308286,31.1935101625,121.452819285,31.1939018883,121.453234574,31.1935959143
3510,15:04:15,121.45308286,31.1935101625,121.452819285,31.1939018883,121.453234574,31.1935959143
3511,15:04:15,121.45308286,31.1935101625,121.452819285,31.1939018883,121.453234574,31.1935959143
3512,15:04:16,121.45308286,31.1935101625,121.452819285,31.1939018883,121.453234574,31.1935959143
3513,15:04:16,121.45308286,31.1935101625,121.452819285,31.1939018883,121.453234574,31.1935959143
3514,15:04:17,121.45308286,31.1935101625,121.452819285,31.1939018883,121.453234574,31.1935959143
3515,15:04:17,121.45308286,31.1935101625,121.452819285,31.1939018883,121.453234574,31.1935959143
3516,15:04:18,121.45308286,31.1935101625,121.452819285,31.1939018883,121.453234574,31.1935959143
3517,15:04:18,121.45308286,31.1935101625,121.452819285,31.1939018883,121.453234574,31.1935959143
3518,15:04:19,121.45308286,31.1935101625,121.452819285,31.1939018883,121.453234574,31.1935959143
3519,15:04:19,121.45308286,31.1935101625,121.452819285,31.1939018883,121.453234574,31.1935959143
3520,15:04:20,121.452934409,31.193793897,121.45281429,31.1938235296,121.453234574,31.1935959143
3521,15:04:20,121.452934409,31.193793897,121.45281429,31.1938235296,121.453234574,31.1935959143
3522,15:04:21,121.452934409,31.193793897,121.45281429,31.1938235296,121.453234574,31.1935959143
3523,15:04:21,121.452934409,31.193793897,121.45281429,31.1938235296,121.453234574,31.1935959143
3524,15:04:22,121.452934409,31.193793897,121.45281429,31.1938235296,121.453234574,31.1935959143
3525,15:04:22,121.452934409,31.193793897,121.45281429,31.1938235296,121.453234574,31.1935959143
3526,15:04:23,121.452934409,31.193793897,121.45281429,31.1938235296,121.453234574,31.1935959143
3527,15:04:23,121.452934409,31.193793897,121.45281429,31.1938235296,121.453234574,31.1935959143
3528,15:04:24,121.452934409,31.193793897,121.45281429,31.1938235296,121.453234574,31.1935959143
3529,15:04:24,121.452934409,31.193793897,121.45281429,31.1938235296,121.453234574,31.1935959143
3530,15:04:24,121.452934409,31.193793897,121.45281429,31.1938235296,121.453234574,31.1935959143
3531,15:04:25,121.452934409,31.193793897,121.45281429,31.1938235296,121.453234574,31.1935959143
3532,15:04:25,121.452934409,31.193793897,121.45281429,31.1938235296,121.453234574,31.1935959143
3533,15:04:26,121.452934409,31.193793897,121.45281429,31.1938235296,121.453234574,31.1935959143
3534,15:04:26,121.452934409,31.193793897,121.45281429,31.1938235296,121.453234574,31.1935959143
3535,15:04:27,121.452934409,31.193793897,121.45281429,31.1938235296,121.453234574,31.1935959143
3536,15:04:27,121.452934409,31.193793897,121.45281429,31.1938235296,121.453234574,31.1935959143
3537,15:04:28,121.452934409,31.193793897,121.45281429,31.1938235296,121.453234574,31.1935959143
3538,15:04:28,121.452934409,31.193793897,121.45281429,31.1938235296,121.453234574,31.1935959143
3539,15:04:29,121.452934409,31.193793897,121.45281429,31.1938235296,121.453234574,31.1935959143
3540,15:04:29,121.45308286,31.1935101625,121.452889105,31.1937249933,121.453234574,31.1935959143
3541,15:04:30,121.45308286,31.1935101625,121.452889105,31.1937249933,121.453234574,31.1935959143
3542,15:04:30,121.45308286,31.1935101625,121.452889105,31.1937249933,121.453234574,31.1935959143
3543,15:04:31,121.45308286,31.1935101625,121.452889105,31.1937249933,121.453234574,31.1935959143
3544,15:04:31,121.45308286,31.1935101625,121.452889105,31.1937249933,121.453234574,31.1935959143
3545,15:04:32,121.45308286,31.1935101625,121.452889105,31.1937249933,121.453234574,31.1935959143
3546,15:04:32,121.45308286,31.1935101625,121.452889105,31.1937249933,121.453234574,31.1935959143
3547,15:04:33,121.45308286,31.1935101625,121.452889105,31.1937249933,121.453234574,31.1935959143
3548,15:04:33,121.45308286,31.1935101625,121.452889105,31.1937249933,121.453234574,31.1935959143
3549,15:04:34,121.45308286,31.1935101625,121.452889105,31.1937249933,121.453234574,31.1935959143
3550,15:04:34,121.45308286,31.1935101625,121.452889105,31.1937249933,121.453234574,31.1935959143
3551,15:04:35,121.45308286,31.1935101625,121.452889105,31.1937249933,121.453234574,31.1935959143
3552,15:04:35,121.45308286,31.1935101625,121.452889105,31.1937249933,121.453234574,31.1935959143
3553,15:04:36,121.45308286,31.1935101625,121.452889105,31.1937249933,121.453234574,31.1935959143
3554,15:04:36,121.45308286,31.1935101625,121.452889105,31.1937249933,121.453234574,31.1935959143
3555,15:04:36,121.45308286,31.1935101625,121.452889105,31.1937249933,121.453234574,31.1935959143
3556,15:04:37,121.45308286,31.1935101625,121.452889105,31.1937249933,121.453234574,31.1935959143
3557,15:04:37,121.45308286,31.1935101625,121.452889105,31.1937249933,121.453234574,31.1935959143
3558,15:04:38,121.45308286,31.1935101625,121.452889105,31.1937249933,121.453234574,31.1935959143
3559,15:04:38,121.45308286,31.1935101625,121.452889105,31.1937249933,121.453234574,31.1935959143
3560,15:04:39,121.45308286,31.1935101625,121.452938975,31.1935831648,121.453234574,31.1935959143
3561,15:04:39,121.45308286,31.1935101625,121.452938975,31.1935831648,121.453234574,31.1935959143
3562,15:04:40,121.45308286,31.1935101625,121.452938975,31.1935831648,121.453234574,31.1935959143
3563,15:04:40,121.45308286,31.1935101625,121.452938975,31.1935831648,121.453234574,31.1935959143
3564,15:04:41,121.45308286,31.1935101625,121.452938975,31.1935831648,121.453234574,31.1935959143
3565,15:04:41,121.45308286,31.1935101625,121.452938975,31.1935831648,121.453234574,31.1935959143
3566,15:04:42,121.45308286,31.1935101625,121.452938975,31.1935831648,121.453234574,31.1935959143
3567,15:04:42,121.45308286,31.1935101625,121.452938975,31.1935831648,121.453234574,31.1935959143
3568,15:04:43,121.45308286,31.1935101625,121.452938975,31.1935831648,121.453234574,31.1935959143
3569,15:04:43,121.45308286,31.1935101625,121.452938975,31.1935831648,121.453234574,31.1935959143
3570,15:04:44,121.45308286,31.1935101625,121.452938975,31.1935831648,121.453234574,31.1935959143
3571,15:04:44,121.45308286,31.1935101625,121.452938975,31.1935831648,121.453234574,31.1935959143
3572,15:04:45,121.45308286,31.1935101625,121.452938975,31.1935831648,121.453234574,31.1935959143
3573,15:04:45,121.45308286,31.1935101625,121.452938975,31.1935831648,121.453234574,31.1935959143
3574,15:04:46,121.45308286,31.1935101625,121.452938975,31.1935831648,121.453234574,31.1935959143
3575,15:04:46,121.45308286,31.1935101625,121.452938975,31.1935831648,121.453234574,31.1935959143
3576,15:04:47,121.45308286,31.1935101625,121.452938975,31.1935831648,121.453234574,31.1935959143
3577,15:04:47,121.45308286,31.1935101625,121.452938975,31.1935831648,121.453234574,31.1935959143
3578,15:04:47,121.45308286,31.1935101625,121.452938975,31.1935831648,121.453234574,31.1935959143
3579,15:04:48,121.45308286,31.1935101625,121.452938975,31.1935831648,121.453234574,31.1935959143
3580,15:04:48,121.45308286,31.1935101625,121.453058679,31.193447861,121.453234574,31.1935959143
3581,15:04:49,121.45308286,31.1935101625,121.453058679,31.193447861,121.453234574,31.1935959143
3582,15:04:49,121.45308286,31.1935101625,121.453058679,31.193447861,121.453234574,31.1935959143
3583,15:04:50,121.45308286,31.1935101625,121.453058679,31.193447861,121.453234574,31.1935959143
3584,15:04:50,121.45308286,31.1935101625,121.453058679,31.193447861,121.453234574,31.1935959143
3585,15:04:51,121.45308286,31.1935101625,121.453058679,31.193447861,121.453234574,31.1935959143
3586,15:04:51,121.45308286,31.1935101625,121.453058679,31.193447861,121.453234574,31.1935959143
3587,15:04:52,121.45308286,31.1935101625,121.453058679,31.193447861,121.453234574,31.1935959143
3588,15:04:52,121.45308286,31.1935101625,121.453058679,31.193447861,121.453234574,31.1935959143
3589,15:04:53,121.45308286,31.1935101625,121.453058679,31.193447861,121.453234574,31.1935959143
3590,15:04:53,121.45308286,31.1935101625,121.453058679,31.193447861,121.453234574,31.1935959143
3591,15:04:54,121.45308286,31.1935101625,121.453058679,31.193447861,121.453234574,31.1935959143
3592,15:04:54,121.45308286,31.1935101625,121.453058679,31.193447861,121.453234574,31.1935959143
3593,15:04:55,121.45308286,31.1935101625,121.453058679,31.193447861,121.453234574,31.1935959143
3594,15:04:55,121.45308286,31.1935101625,121.453058679,31.193447861,121.453234574,31.1935959143
3595,15:04:56,121.45308286,31.1935101625,121.453058679,31.193447861,121.453234574,31.1935959143
3596,15:04:56,121.45308286,31.1935101625,121.453058679,31.193447861,121.453234574,31.1935959143
3597,15:04:57,121.45308286,31.1935101625,121.453058679,31.193447861,121.453234574,31.1935959143
3598,15:04:57,121.45308286,31.1935101625,121.453058679,31.193447861,121.453234574,31.1935959143
3599,15:04:58,121.45308286,31.1935101625,121.453058679,31.193447861,121.453234574,31.1935959143
3600,15:04:58,121.453417704,31.1929988433,121.45310356,31.1932943563,121.453234574,31.1935959143
3601,15:04:59,121.453417704,31.1929988433,121.45310356,31.1932943563,121.453234574,31.1935959143
3602,15:04:59,121.453417704,31.1929988433,121.45310356,31.1932943563,121.453234574,31.1935959143
3603,15:04:59,121.453417704,31.1929988433,121.45310356,31.1932943563,121.453234574,31.1935959143
3604,15:05:00,121.453417704,31.1929988433,121.45310356,31.1932943563,121.453234574,31.1935959143
3605,15:05:00,121.453417704,31.1929988433,121.45310356,31.1932943563,121.453234574,31.1935959143
3606,15:05:01,121.453417704,31.1929988433,121.45310356,31.1932943563,121.453234574,31.1935959143
3607,15:05:01,121.453417704,31.1929988433,121.45310356,31.1932943563,121.453234574,31.1935959143
3608,15:05:02,121.453417704,31.1929988433,121.45310356,31.1932943563,121.453234574,31.1935959143
3609,15:05:02,121.453417704,31.1929988433,121.45310356,31.1932943563,121.453234574,31.1935959143
3610,15:05:03,121.453417704,31.1929988433,121.45310356,31.1932943563,121.453234574,31.1935959143
3611,15:05:03,121.453417704,31.1929988433,121.45310356,31.1932943563,121.453234574,31.1935959143
3612,15:05:04,121.453417704,31.1929988433,121.45310356,31.1932943563,121.453234574,31.1935959143
3613,15:05:04,121.453417704,31.1929988433,121.45310356,31.1932943563,121.453234574,31.1935959143
3614,15:05:05,121.453417704,31.1929988433,121.45310356,31.1932943563,121.453234574,31.1935959143
3615,15:05:05,121.453417704,31.1929988433,121.45310356,31.1932943563,121.453234574,31.1935959143
3616,15:05:06,121.453417704,31.1929988433,121.45310356,31.1932943563,121.453234574,31.1935959143
3617,15:05:06,121.453417704,31.1929988433,121.45310356,31.1932943563,121.453234574,31.1935959143
3618,15:05:07,121.453417704,31.1929988433,121.45310356,31.1932943563,121.453234574,31.1935959143
3619,15:05:07,121.453417704,31.1929988433,121.45310356,31.1932943563,121.453234574,31.1935959143
3620,15:05:08,121.45308286,31.1935101625,121.453163412,31.193232547,121.453234574,31.1935959143
3621,15:05:08,121.45308286,31.1935101625,121.453163412,31.193232547,121.453234574,31.1935959143
3622,15:05:09,121.45308286,31.1935101625,121.453163412,31.193232547,121.453234574,31.1935959143
3623,15:05:09,121.45308286,31.1935101625,121.453163412,31.193232547,121.453234574,31.1935959143
3624,15:05:10,121.45308286,31.1935101625,121.453163412,31.193232547,121.453234574,31.1935959143
3625,15:05:10,121.45308286,31.1935101625,121.453163412,31.193232547,121.453234574,31.1935959143
3626,15:05:11,121.45308286,31.1935101625,121.453163412,31.193232547,121.453234574,31.1935959143
3627,15:05:11,121.45308286,31.1935101625,121.453163412,31.193232547,121.453234574,31.1935959143
3628,15:05:11,121.45308286,31.1935101625,121.453163412,31.193232547,121.453234574,31.1935959143
3629,15:05:12,121.45308286,31.1935101625,121.453163412,31.193232547,121.453234574,31.1935959143
3630,15:05:12,121.45308286,31.1935101625,121.453163412,31.193232547,121.453234574,31.1935959143
3631,15:05:13,121.45308286,31.1935101625,121.453163412,31.193232547,121.453234574,31.1935959143
3632,15:05:13,121.45308286,31.1935101625,121.453163412,31.193232547,121.453234574,31.1935959143
3633,15:05:14,121.45308286,31.1935101625,121.453163412,31.193232547,121.453234574,31.1935959143
3634,15:05:14,121.45308286,31.1935101625,121.453163412,31.193232547,121.453234574,31.1935959143
3635,15:05:15,121.45308286,31.1935101625,121.453163412,31.193232547,121.453234574,31.1935959143
3636,15:05:15,121.45308286,31.1935101625,121.453163412,31.193232547,121.453234574,31.1935959143
3637,15:05:16,121.45308286,31.1935101625,121.453163412,31.193232547,121.453234574,31.1935959143
3638,15:05:16,121.45308286,31.1935101625,121.453163412,31.193232547,121.453234574,31.1935959143
3639,15:05:17,121.45308286,31.1935101625,121.453163412,31.193232547,121.453234574,31.1935959143
3640,15:05:17,121.45308286,31.1935101625,121.453201613,31.1931340825,121.453234574,31.1935959143
3641,15:05:18,121.45308286,31.1935101625,121.453201613,31.1931340825,121.453234574,31.1935959143
3642,15:05:18,121.45308286,31.1935101625,121.453201613,31.1931340825,121.453234574,31.1935959143
3643,15:05:19,121.45308286,31.1935101625,121.453201613,31.1931340825,121.453234574,31.1935959143
3644,15:05:19,121.45308286,31.1935101625,121.453201613,31.1931340825,121.453234574,31.1935959143
3645,15:05:20,121.45308286,31.1935101625,121.453201613,31.1931340825,121.453234574,31.1935959143
3646,15:05:20,121.45308286,31.1935101625,121.453201613,31.1931340825,121.453234574,31.1935959143
3647,15:05:21,121.45308286,31.1935101625,121.453201613,31.1931340825,121.453234574,31.1935959143
3648,15:05:22,121.45308286,31.1935101625,121.453201613,31.1931340825,121.453234574,31.1935959143
3649,15:05:22,121.45308286,31.1935101625,121.453201613,31.1931340825,121.453234574,31.1935959143
3650,15:05:23,121.45308286,31.1935101625,121.453201613,31.1931340825,121.453234574,31.1935959143
3651,15:05:23,121.45308286,31.1935101625,121.453201613,31.1931340825,121.453234574,31.1935959143
3652,15:05:24,121.45308286,31.1935101625,121.453201613,31.1931340825,121.453234574,31.1935959143
3653,15:05:24,121.45308286,31.1935101625,121.453201613,31.1931340825,121.453234574,31.1935959143
3654,15:05:25,121.45308286,31.1935101625,121.453201613,31.1931340825,121.453234574,31.1935959143
3655,15:05:25,121.45308286,31.1935101625,121.453201613,31.1931340825,121.453234574,31.1935959143
3656,15:05:26,121.45308286,31.1935101625,121.453201613,31.1931340825,121.453234574,31.1935959143
3657,15:05:26,121.45308286,31.1935101625,121.453201613,31.1931340825,121.453234574,31.1935959143
3658,15:05:27,121.45308286,31.1935101625,121.453201613,31.1931340825,121.453234574,31.1935959143
3659,15:05:27,121.45308286,31.1935101625,121.453201613,31.1931340825,121.453234574,31.1935959143
3660,15:05:28,121.45308286,31.1935101625,121.453279719,31.1930438826,121.453234574,31.1935959143
3661,15:05:28,121.45308286,31.1935101625,121.453279719,31.1930438826,121.453234574,31.1935959143
3662,15:05:28,121.45308286,31.1935101625,121.453279719,31.1930438826,121.453234574,31.1935959143
3663,15:05:29,121.45308286,31.1935101625,121.453279719,31.1930438826,121.453234574,31.1935959143
3664,15:05:29,121.45308286,31.1935101625,121.453279719,31.1930438826,121.453234574,31.1935959143
3665,15:05:30,121.45308286,31.1935101625,121.453279719,31.1930438826,121.453234574,31.1935959143
3666,15:05:30,121.45308286,31.1935101625,121.453279719,31.1930438826,121.453234574,31.1935959143
3667,15:05:31,121.45308286,31.1935101625,121.453279719,31.1930438826,121.453234574,31.1935959143
3668,15:05:31,121.45308286,31.1935101625,121.453279719,31.1930438826,121.453234574,31.1935959143
3669,15:05:32,121.45308286,31.1935101625,121.453279719,31.1930438826,121.453234574,31.1935959143
3670,15:05:32,121.45308286,31.1935101625,121.453279719,31.1930438826,121.453234574,31.1935959143
3671,15:05:33,121.45308286,31.1935101625,121.453279719,31.1930438826,121.453234574,31.1935959143
3672,15:05:33,121.45308286,31.1935101625,121.453279719,31.1930438826,121.453234574,31.1935959143
3673,15:05:34,121.45308286,31.1935101625,121.453279719,31.1930438826,121.453234574,31.1935959143
3674,15:05:34,121.45308286,31.1935101625,121.453279719,31.1930438826,121.453234574,31.1935959143
3675,15:05:35,121.45308286,31.1935101625,121.453279719,31.1930438826,121.453234574,31.1935959143
3676,15:05:35,121.45308286,31.1935101625,121.453279719,31.1930438826,121.453234574,31.1935959143
3677,15:05:36,121.45308286,31.1935101625,121.453279719,31.1930438826,121.453234574,31.1935959143
3678,15:05:36,121.45308286,31.1935101625,121.453279719,31.1930438826,121.453234574,31.1935959143
3679,15:05:37,121.45308286,31.1935101625,121.453279719,31.1930438826,121.453234574,31.1935959143
3680,15:05:37,121.453577313,31.1927338404,121.453392846,31.1930036371,121.453234574,31.1935959143
3681,15:05:38,121.453577313,31.1927338404,121.453392846,31.1930036371,121.453234574,31.1935959143
3682,15:05:38,121.453577313,31.1927338404,121.453392846,31.1930036371,121.453234574,31.1935959143
3683,15:05:39,121.453577313,31.1927338404,121.453392846,31.1930036371,121.453234574,31.1935959143
3684,15:05:39,121.453577313,31.1927338404,121.453392846,31.1930036371,121.453234574,31.1935959143
3685,15:05:40,121.453577313,31.1927338404,121.453392846,31.1930036371,121.453234574,31.1935959143
3686,15:05:40,121.453577313,31.1927338404,121.453392846,31.1930036371,121.453234574,31.1935959143
3687,15:05:40,121.453577313,31.1927338404,121.453392846,31.1930036371,121.453234574,31.1935959143
3688,15:05:41,121.453577313,31.1927338404,121.453392846,31.1930036371,121.453234574,31.1935959143
3689,15:05:41,121.453577313,31.1927338404,121.453392846,31.1930036371,121.453234574,31.1935959143
3690,15:05:42,121.453577313,31.1927338404,121.453392846,31.1930036371,121.453234574,31.1935959143
3691,15:05:42,121.453577313,31.1927338404,121.453392846,31.1930036371,121.453234574,31.1935959143
3692,15:05:43,121.453577313,31.1927338404,121.453392846,31.1930036371,121.453234574,31.1935959143
3693,15:05:43,121.453577313,31.1927338404,121.453392846,31.1930036371,121.453234574,31.1935959143
3694,15:05:44,121.453577313,31.1927338404,121.453392846,31.1930036371,121.453234574,31.1935959143
3695,15:05:44,121.453577313,31.1927338404,121.453392846,31.1930036371,121.453234574,31.1935959143
3696,15:05:45,121.453577313,31.1927338404,121.453392846,31.1930036371,121.453234574,31.1935959143
3697,15:05:45,121.453577313,31.1927338404,121.453392846,31.1930036371,121.453234574,31.1935959143
3698,15:05:46,121.453577313,31.1927338404,121.453392846,31.1930036371,121.453234574,31.1935959143
3699,15:05:46,121.453577313,31.1927338404,121.453392846,31.1930036371,121.453234574,31.1935959143
3700,15:05:47,121.453577313,31.1927338404,121.453487612,31.1929217474,121.453234574,31.1935959143
3701,15:05:47,121.453577313,31.1927338404,121.453487612,31.1929217474,121.453234574,31.1935959143
3702,15:05:48,121.453577313,31.1927338404,121.453487612,31.1929217474,121.453234574,31.1935959143
3703,15:05:48,121.453577313,31.1927338404,121.453487612,31.1929217474,121.453234574,31.1935959143
3704,15:05:49,121.453577313,31.1927338404,121.453487612,31.1929217474,121.453234574,31.1935959143
3705,15:05:49,121.453577313,31.1927338404,121.453487612,31.1929217474,121.453234574,31.1935959143
3706,15:05:50,121.453577313,31.1927338404,121.453487612,31.1929217474,121.453234574,31.1935959143
3707,15:05:50,121.453577313,31.1927338404,121.453487612,31.1929217474,121.453234574,31.1935959143
3708,15:05:51,121.453577313,31.1927338404,121.453487612,31.1929217474,121.453234574,31.1935959143
3709,15:05:51,121.453577313,31.1927338404,121.453487612,31.1929217474,121.453234574,31.1935959143
3710,15:05:52,121.453577313,31.1927338404,121.453487612,31.1929217474,121.453234574,31.1935959143
3711,15:05:52,121.453577313,31.1927338404,121.453487612,31.1929217474,121.453234574,31.1935959143
3712,15:05:52,121.453577313,31.1927338404,121.453487612,31.1929217474,121.453234574,31.1935959143
3713,15:05:53,121.453577313,31.1927338404,121.453487612,31.1929217474,121.453234574,31.1935959143
3714,15:05:53,121.453577313,31.1927338404,121.453487612,31.1929217474,121.453234574,31.1935959143
3715,15:05:54,121.453577313,31.1927338404,121.453487612,31.1929217474,121.453234574,31.1935959143
3716,15:05:54,121.453577313,31.1927338404,121.453487612,31.1929217474,121.453234574,31.1935959143
3717,15:05:55,121.453577313,31.1927338404,121.453487612,31.1929217474,121.453234574,31.1935959143
3718,15:05:55,121.453577313,31.1927338404,121.453487612,31.1929217474,121.453234574,31.1935959143
3719,15:05:56,121.453577313,31.1927338404,121.453487612,31.1929217474,121.453234574,31.1935959143
3720,15:05:56,121.453577313,31.1927338404,121.453547462,31.1928332441,121.453234574,31.1935959143
3721,15:05:57,121.453577313,31.1927338404,121.453547462,31.1928332441,121.453234574,31.1935959143
3722,15:05:57,121.453577313,31.1927338404,121.453547462,31.1928332441,121.453234574,31.1935959143
3723,15:05:58,121.453577313,31.1927338404,121.453547462,31.1928332441,121.453234574,31.1935959143
3724,15:05:58,121.453577313,31.1927338404,121.453547462,31.1928332441,121.453234574,31.1935959143
3725,15:05:59,121.453577313,31.1927338404,121.453547462,31.1928332441,121.453234574,31.1935959143
3726,15:05:59,121.453577313,31.1927338404,121.453547462,31.1928332441,121.453234574,31.1935959143
3727,15:06:00,121.453577313,31.1927338404,121.453547462,31.1928332441,121.453234574,31.1935959143
3728,15:06:00,121.453577313,31.1927338404,121.453547462,31.1928332441,121.453234574,31.1935959143
3729,15:06:01,121.453577313,31.1927338404,121.453547462,31.1928332441,121.453234574,31.1935959143
3730,15:06:01,121.453577313,31.1927338404,121.453547462,31.1928332441,121.453234574,31.1935959143
3731,15:06:02,121.453577313,31.1927338404,121.453547462,31.1928332441,121.453234574,31.1935959143
3732,15:06:02,121.453577313,31.1927338404,121.453547462,31.1928332441,121.453234574,31.1935959143
3733,15:06:03,121.453577313,31.1927338404,121.453547462,31.1928332441,121.453234574,31.1935959143
3734,15:06:03,121.453577313,31.1927338404,121.453547462,31.1928332441,121.453234574,31.1935959143
3735,15:06:04,121.453577313,31.1927338404,121.453547462,31.1928332441,121.453234574,31.1935959143
3736,15:06:04,121.453577313,31.1927338404,121.453547462,31.1928332441,121.453234574,31.1935959143
3737,15:06:04,121.453577313,31.1927338404,121.453547462,31.1928332441,121.453234574,31.1935959143
3738,15:06:05,121.453577313,31.1927338404,121.453547462,31.1928332441,121.453234574,31.1935959143
3739,15:06:05,121.453577313,31.1927338404,121.453547462,31.1928332441,121.453234574,31.1935959143
3740,15:06:06,121.453577313,31.1927338404,121.453537473,31.1926931951,121.453234574,31.1935959143
3741,15:06:06,121.453577313,31.1927338404,121.453537473,31.1926931951,121.453234574,31.1935959143
3742,15:06:07,121.453577313,31.1927338404,121.453537473,31.1926931951,121.453234574,31.1935959143
3743,15:06:07,121.453577313,31.1927338404,121.453537473,31.1926931951,121.453234574,31.1935959143
3744,15:06:08,121.453577313,31.1927338404,121.453537473,31.1926931951,121.453234574,31.1935959143
3745,15:06:08,121.453577313,31.1927338404,121.453537473,31.1926931951,121.453234574,31.1935959143
3746,15:06:09,121.453577313,31.1927338404,121.453537473,31.1926931951,121.453234574,31.1935959143
3747,15:06:09,121.453577313,31.1927338404,121.453537473,31.1926931951,121.453234574,31.1935959143
3748,15:06:10,121.453577313,31.1927338404,121.453537473,31.1926931951,121.453234574,31.1935959143
3749,15:06:10,121.453577313,31.1927338404,121.453537473,31.1926931951,121.453234574,31.1935959143
3750,15:06:11,121.453577313,31.1927338404,121.453537473,31.1926931951,121.453234574,31.1935959143
3751,15:06:11,121.453577313,31.1927338404,121.453537473,31.1926931951,121.453234574,31.1935959143
3752,15:06:12,121.453577313,31.1927338404,121.453537473,31.1926931951,121.453234574,31.1935959143
3753,15:06:12,121.453577313,31.1927338404,121.453537473,31.1926931951,121.453234574,31.1935959143
3754,15:06:13,121.453577313,31.1927338404,121.453537473,31.1926931951,121.453234574,31.1935959143
3755,15:06:13,121.453577313,31.1927338404,121.453537473,31.1926931951,121.453234574,31.1935959143
3756,15:06:14,121.453577313,31.1927338404,121.453537473,31.1926931951,121.453234574,31.1935959143
3757,15:06:14,121.453577313,31.1927338404,121.453537473,31.1926931951,121.453234574,31.1935959143
3758,15:06:15,121.453577313,31.1927338404,121.453537473,31.1926931951,121.453234574,31.1935959143
3759,15:06:15,121.453577313,31.1927338404,121.453537473,31.1926931951,121.453234574,31.1935959143
3760,15:06:16,121.454666098,31.1911186785,121.453630543,31.1926046349,121.453234574,31.1935959143
3761,15:06:16,121.454666098,31.1911186785,121.453630543,31.1926046349,121.453234574,31.1935959143
3762,15:06:16,121.454666098,31.1911186785,121.453630543,31.1926046349,121.453234574,31.1935959143
3763,15:06:17,121.454666098,31.1911186785,121.453630543,31.1926046349,121.453234574,31.1935959143
3764,15:06:17,121.454666098,31.1911186785,121.453630543,31.1926046349,121.453234574,31.1935959143
3765,15:06:18,121.454666098,31.1911186785,121.453630543,31.1926046349,121.453234574,31.1935959143
3766,15:06:18,121.454666098,31.1911186785,121.453630543,31.1926046349,121.453234574,31.1935959143
3767,15:06:19,121.454666098,31.1911186785,121.453630543,31.1926046349,121.453234574,31.1935959143
3768,15:06:19,121.454666098,31.1911186785,121.453630543,31.1926046349,121.453234574,31.1935959143
3769,15:06:20,121.454666098,31.1911186785,121.453630543,31.1926046349,121.453234574,31.1935959143
3770,15:06:20,121.454666098,31.1911186785,121.453630543,31.1926046349,121.453234574,31.1935959143
3771,15:06:21,121.454666098,31.1911186785,121.453630543,31.1926046349,121.453234574,31.1935959143
3772,15:06:21,121.454666098,31.1911186785,121.453630543,31.1926046349,121.453234574,31.1935959143
3773,15:06:22,121.454666098,31.1911186785,121.453630543,31.1926046349,121.453234574,31.1935959143
3774,15:06:22,121.454666098,31.1911186785,121.453630543,31.1926046349,121.453234574,31.1935959143
3775,15:06:23,121.454666098,31.1911186785,121.453630543,31.1926046349,121.453234574,31.1935959143
3776,15:06:23,121.454666098,31.1911186785,121.453630543,31.1926046349,121.453234574,31.1935959143
3777,15:06:24,121.454666098,31.1911186785,121.453630543,31.1926046349,121.453234574,31.1935959143
3778,15:06:24,121.454666098,31.1911186785,121.453630543,31.1926046349,121.453234574,31.1935959143
3779,15:06:25,121.454666098,31.1911186785,121.453630543,31.1926046349,121.453234574,31.1935959143
3780,15:06:25,121.454666098,31.1911186785,121.453678719,31.1925144939,121.453234574,31.1935959143
3781,15:06:26,121.454666098,31.1911186785,121.453678719,31.1925144939,121.453234574,31.1935959143
3782,15:06:26,121.454666098,31.1911186785,121.453678719,31.1925144939,121.453234574,31.1935959143
3783,15:06:27,121.454666098,31.1911186785,121.453678719,31.1925144939,121.453234574,31.1935959143
3784,15:06:27,121.454666098,31.1911186785,121.453678719,31.1925144939,121.453234574,31.1935959143
3785,15:06:28,121.454666098,31.1911186785,121.453678719,31.1925144939,121.453234574,31.1935959143
3786,15:06:28,121.454666098,31.1911186785,121.453678719,31.1925144939,121.453234574,31.1935959143
3787,15:06:28,121.454666098,31.1911186785,121.453678719,31.1925144939,121.453234574,31.1935959143
3788,15:06:29,121.454666098,31.1911186785,121.453678719,31.1925144939,121.453234574,31.1935959143
3789,15:06:29,121.454666098,31.1911186785,121.453678719,31.1925144939,121.453234574,31.1935959143
3790,15:06:30,121.454666098,31.1911186785,121.453678719,31.1925144939,121.453234574,31.1935959143
3791,15:06:30,121.454666098,31.1911186785,121.453678719,31.1925144939,121.453234574,31.1935959143
3792,15:06:31,121.454666098,31.1911186785,121.453678719,31.1925144939,121.453234574,31.1935959143
3793,15:06:31,121.454666098,31.1911186785,121.453678719,31.1925144939,121.453234574,31.1935959143
3794,15:06:32,121.454666098,31.1911186785,121.453678719,31.1925144939,121.453234574,31.1935959143
3795,15:06:32,121.454666098,31.1911186785,121.453678719,31.1925144939,121.453234574,31.1935959143
3796,15:06:33,121.454666098,31.1911186785,121.453678719,31.1925144939,121.453234574,31.1935959143
3797,15:06:33,121.454666098,31.1911186785,121.453678719,31.1925144939,121.453234574,31.1935959143
3798,15:06:34,121.454666098,31.1911186785,121.453678719,31.1925144939,121.453234574,31.1935959143
3799,15:06:34,121.454666098,31.1911186785,121.453678719,31.1925144939,121.453234574,31.1935959143
3800,15:06:35,121.453577313,31.1927338404,121.453710333,31.1923977028,121.453234574,31.1935959143
3801,15:06:35,121.453577313,31.1927338404,121.453710333,31.1923977028,121.453234574,31.1935959143
3802,15:06:36,121.453577313,31.1927338404,121.453710333,31.1923977028,121.453234574,31.1935959143
3803,15:06:36,121.453577313,31.1927338404,121.453710333,31.1923977028,121.453234574,31.1935959143
3804,15:06:37,121.453577313,31.1927338404,121.453710333,31.1923977028,121.453234574,31.1935959143
3805,15:06:37,121.453577313,31.1927338404,121.453710333,31.1923977028,121.453234574,31.1935959143
3806,15:06:38,121.453577313,31.1927338404,121.453710333,31.1923977028,121.453234574,31.1935959143
3807,15:06:38,121.453577313,31.1927338404,121.453710333,31.1923977028,121.453234574,31.1935959143
3808,15:06:39,121.453577313,31.1927338404,121.453710333,31.1923977028,121.453234574,31.1935959143
3809,15:06:39,121.453577313,31.1927338404,121.453710333,31.1923977028,121.453234574,31.1935959143
3810,15:06:40,121.453577313,31.1927338404,121.453710333,31.1923977028,121.453234574,31.1935959143
3811,15:06:40,121.453577313,31.1927338404,121.453710333,31.1923977028,121.453234574,31.1935959143
3812,15:06:40,121.453577313,31.1927338404,121.453710333,31.1923977028,121.453234574,31.1935959143
3813,15:06:41,121.453577313,31.1927338404,121.453710333,31.1923977028,121.453234574,31.1935959143
3814,15:06:41,121.453577313,31.1927338404,121.453710333,31.1923977028,121.453234574,31.1935959143
3815,15:06:42,121.453577313,31.1927338404,121.453710333,31.1923977028,121.453234574,31.1935959143
3816,15:06:42,121.453577313,31.1927338404,121.453710333,31.1923977028,121.453234574,31.1935959143
3817,15:06:43,121.453577313,31.1927338404,121.453710333,31.1923977028,121.453234574,31.1935959143
3818,15:06:43,121.453577313,31.1927338404,121.453710333,31.1923977028,121.453234574,31.1935959143
3819,15:06:44,121.453577313,31.1927338404,121.453710333,31.1923977028,121.453234574,31.1935959143
3820,15:06:44,121.454666098,31.1911186785,121.453791835,31.1923625217,121.453234574,31.1935959143
3821,15:06:45,121.454666098,31.1911186785,121.453791835,31.1923625217,121.453234574,31.1935959143
3822,15:06:45,121.454666098,31.1911186785,121.453791835,31.1923625217,121.453234574,31.1935959143
3823,15:06:46,121.454666098,31.1911186785,121.453791835,31.1923625217,121.453234574,31.1935959143
3824,15:06:46,121.454666098,31.1911186785,121.453791835,31.1923625217,121.453234574,31.1935959143
3825,15:06:47,121.454666098,31.1911186785,121.453791835,31.1923625217,121.453234574,31.1935959143
3826,15:06:47,121.454666098,31.1911186785,121.453791835,31.1923625217,121.453234574,31.1935959143
3827,15:06:49,121.454666098,31.1911186785,121.453791835,31.1923625217,121.453234574,31.1935959143
3828,15:06:49,121.454666098,31.1911186785,121.453791835,31.1923625217,121.453234574,31.1935959143
3829,15:06:49,121.454666098,31.1911186785,121.453791835,31.1923625217,121.453234574,31.1935959143
3830,15:07:18,121.454666098,31.1911186785,121.453791835,31.1923625217,121.453234574,31.1935959143
3831,15:07:19,121.454666098,31.1911186785,121.453791835,31.1923625217,121.453234574,31.1935959143
3832,15:07:19,121.454666098,31.1911186785,121.453791835,31.1923625217,121.453234574,31.1935959143
3833,15:07:20,121.454666098,31.1911186785,121.453791835,31.1923625217,121.453234574,31.1935959143
3834,15:07:21,121.454666098,31.1911186785,121.453791835,31.1923625217,121.453234574,31.1935959143
3835,15:07:22,121.454666098,31.1911186785,121.453791835,31.1923625217,121.453234574,31.1935959143
3836,15:07:22,121.454666098,31.1911186785,121.453791835,31.1923625217,121.453234574,31.1935959143
3837,15:07:23,121.454666098,31.1911186785,121.453791835,31.1923625217,121.453234574,31.1935959143
3838,15:07:23,121.454666098,31.1911186785,121.453791835,31.1923625217,121.453234574,31.1935959143
3839,15:07:24,121.454666098,31.1911186785,121.453791835,31.1923625217,121.453234574,31.1935959143
3840,15:07:24,121.454084301,31.1919529115,121.453967967,31.1918619199,121.455265391,31.190591314
3841,15:07:25,121.454084301,31.1919529115,121.453967967,31.1918619199,121.455265391,31.190591314
3842,15:07:25,121.454084301,31.1919529115,121.453967967,31.1918619199,121.455265391,31.190591314
3843,15:07:26,121.454084301,31.1919529115,121.453967967,31.1918619199,121.455265391,31.190591314
3844,15:07:26,121.454084301,31.1919529115,121.453967967,31.1918619199,121.455265391,31.190591314
3845,15:07:27,121.454084301,31.1919529115,121.453967967,31.1918619199,121.455265391,31.190591314
3846,15:07:27,121.454084301,31.1919529115,121.453967967,31.1918619199,121.455265391,31.190591314
3847,15:07:28,121.454084301,31.1919529115,121.453967967,31.1918619199,121.455265391,31.190591314
3848,15:07:28,121.454084301,31.1919529115,121.453967967,31.1918619199,121.455265391,31.190591314
3849,15:07:29,121.454084301,31.1919529115,121.453967967,31.1918619199,121.455265391,31.190591314
3850,15:07:29,121.454084301,31.1919529115,121.453967967,31.1918619199,121.455265391,31.190591314
3851,15:07:29,121.454084301,31.1919529115,121.453967967,31.1918619199,121.455265391,31.190591314
3852,15:07:30,121.454084301,31.1919529115,121.453967967,31.1918619199,121.455265391,31.190591314
3853,15:07:30,121.454084301,31.1919529115,121.453967967,31.1918619199,121.455265391,31.190591314
3854,15:07:31,121.454084301,31.1919529115,121.453967967,31.1918619199,121.455265391,31.190591314
3855,15:07:31,121.454084301,31.1919529115,121.453967967,31.1918619199,121.455265391,31.190591314
3856,15:07:32,121.454084301,31.1919529115,121.453967967,31.1918619199,121.455265391,31.190591314
3857,15:07:32,121.454084301,31.1919529115,121.453967967,31.1918619199,121.455265391,31.190591314
3858,15:07:33,121.454084301,31.1919529115,121.453967967,31.1918619199,121.455265391,31.190591314
3859,15:07:33,121.454084301,31.1919529115,121.453967967,31.1918619199,121.455265391,31.190591314
3860,15:07:34,121.454283098,31.1916555523,121.453994595,31.1917768242,121.455265391,31.190591314
3861,15:07:34,121.454283098,31.1916555523,121.453994595,31.1917768242,121.455265391,31.190591314
3862,15:07:35,121.454283098,31.1916555523,121.453994595,31.1917768242,121.455265391,31.190591314
3863,15:07:35,121.454283098,31.1916555523,121.453994595,31.1917768242,121.455265391,31.190591314
3864,15:07:36,121.454283098,31.1916555523,121.453994595,31.1917768242,121.455265391,31.190591314
3865,15:07:36,121.454283098,31.1916555523,121.453994595,31.1917768242,121.455265391,31.190591314
3866,15:07:37,121.454283098,31.1916555523,121.453994595,31.1917768242,121.455265391,31.190591314
3867,15:07:37,121.454283098,31.1916555523,121.453994595,31.1917768242,121.455265391,31.190591314
3868,15:07:38,121.454283098,31.1916555523,121.453994595,31.1917768242,121.455265391,31.190591314
3869,15:07:38,121.454283098,31.1916555523,121.453994595,31.1917768242,121.455265391,31.190591314
3870,15:07:39,121.454283098,31.1916555523,121.453994595,31.1917768242,121.455265391,31.190591314
3871,15:07:39,121.454283098,31.1916555523,121.453994595,31.1917768242,121.455265391,31.190591314
3872,15:07:40,121.454283098,31.1916555523,121.453994595,31.1917768242,121.455265391,31.190591314
3873,15:07:40,121.454283098,31.1916555523,121.453994595,31.1917768242,121.455265391,31.190591314
3874,15:07:41,121.454283098,31.1916555523,121.453994595,31.1917768242,121.455265391,31.190591314
3875,15:07:41,121.454283098,31.1916555523,121.453994595,31.1917768242,121.455265391,31.190591314
3876,15:07:41,121.454283098,31.1916555523,121.453994595,31.1917768242,121.455265391,31.190591314
3877,15:07:42,121.454283098,31.1916555523,121.453994595,31.1917768242,121.455265391,31.190591314
3878,15:07:42,121.454283098,31.1916555523,121.453994595,31.1917768242,121.455265391,31.190591314
3879,15:07:43,121.454283098,31.1916555523,121.453994595,31.1917768242,121.455265391,31.190591314
3880,15:07:43,121.454283098,31.1916555523,121.454042772,31.1916916849,121.455265391,31.190591314
3881,15:07:44,121.454283098,31.1916555523,121.454042772,31.1916916849,121.455265391,31.190591314
3882,15:07:44,121.454283098,31.1916555523,121.454042772,31.1916916849,121.455265391,31.190591314
3883,15:07:45,121.454283098,31.1916555523,121.454042772,31.1916916849,121.455265391,31.190591314
3884,15:07:45,121.454283098,31.1916555523,121.454042772,31.1916916849,121.455265391,31.190591314
3885,15:07:46,121.454283098,31.1916555523,121.454042772,31.1916916849,121.455265391,31.190591314
3886,15:07:46,121.454283098,31.1916555523,121.454042772,31.1916916849,121.455265391,31.190591314
3887,15:07:47,121.454283098,31.1916555523,121.454042772,31.1916916849,121.455265391,31.190591314
3888,15:07:47,121.454283098,31.1916555523,121.454042772,31.1916916849,121.455265391,31.190591314
3889,15:07:48,121.454283098,31.1916555523,121.454042772,31.1916916849,121.455265391,31.190591314
3890,15:07:48,121.454283098,31.1916555523,121.454042772,31.1916916849,121.455265391,31.190591314
3891,15:07:49,121.454283098,31.1916555523,121.454042772,31.1916916849,121.455265391,31.190591314
3892,15:07:49,121.454283098,31.1916555523,121.454042772,31.1916916849,121.455265391,31.190591314
3893,15:07:50,121.454283098,31.1916555523,121.454042772,31.1916916849,121.455265391,31.190591314
3894,15:07:50,121.454283098,31.1916555523,121.454042772,31.1916916849,121.455265391,31.190591314
3895,15:07:51,121.454283098,31.1916555523,121.454042772,31.1916916849,121.455265391,31.190591314
3896,15:07:51,121.454283098,31.1916555523,121.454042772,31.1916916849,121.455265391,31.190591314
3897,15:07:52,121.454283098,31.1916555523,121.454042772,31.1916916849,121.455265391,31.190591314
3898,15:07:52,121.454283098,31.1916555523,121.454042772,31.1916916849,121.455265391,31.190591314
3899,15:07:53,121.454283098,31.1916555523,121.454042772,31.1916916849,121.455265391,31.190591314
3900,15:07:53,121.453669817,31.1903504429,121.454072695,31.1916415997,121.455265391,31.190591314
3901,15:07:53,121.453669817,31.1903504429,121.454072695,31.1916415997,121.455265391,31.190591314
3902,15:07:54,121.453669817,31.1903504429,121.454072695,31.1916415997,121.455265391,31.190591314
3903,15:07:54,121.453669817,31.1903504429,121.454072695,31.1916415997,121.455265391,31.190591314
3904,15:07:55,121.453669817,31.1903504429,121.454072695,31.1916415997,121.455265391,31.190591314
3905,15:07:55,121.453669817,31.1903504429,121.454072695,31.1916415997,121.455265391,31.190591314
3906,15:07:56,121.453669817,31.1903504429,121.454072695,31.1916415997,121.455265391,31.190591314
3907,15:07:56,121.453669817,31.1903504429,121.454072695,31.1916415997,121.455265391,31.190591314
3908,15:07:57,121.453669817,31.1903504429,121.454072695,31.1916415997,121.455265391,31.190591314
3909,15:07:57,121.453669817,31.1903504429,121.454072695,31.1916415997,121.455265391,31.190591314
3910,15:07:58,121.453669817,31.1903504429,121.454072695,31.1916415997,121.455265391,31.190591314
3911,15:07:58,121.453669817,31.1903504429,121.454072695,31.1916415997,121.455265391,31.190591314
3912,15:07:59,121.453669817,31.1903504429,121.454072695,31.1916415997,121.455265391,31.190591314
3913,15:07:59,121.453669817,31.1903504429,121.454072695,31.1916415997,121.455265391,31.190591314
3914,15:08:00,121.453669817,31.1903504429,121.454072695,31.1916415997,121.455265391,31.190591314
3915,15:08:00,121.453669817,31.1903504429,121.454072695,31.1916415997,121.455265391,31.190591314
3916,15:08:01,121.453669817,31.1903504429,121.454072695,31.1916415997,121.455265391,31.190591314
3917,15:08:01,121.453669817,31.1903504429,121.454072695,31.1916415997,121.455265391,31.190591314
3918,15:08:02,121.453669817,31.1903504429,121.454072695,31.1916415997,121.455265391,31.190591314
3919,15:08:02,121.453669817,31.1903504429,121.454072695,31.1916415997,121.455265391,31.190591314
3920,15:08:03,121.454283098,31.1916555523,121.454114287,31.1915564736,121.455265391,31.190591314
3921,15:08:03,121.454283098,31.1916555523,121.454114287,31.1915564736,121.455265391,31.190591314
3922,15:08:04,121.454283098,31.1916555523,121.454114287,31.1915564736,121.455265391,31.190591314
3923,15:08:04,121.454283098,31.1916555523,121.454114287,31.1915564736,121.455265391,31.190591314
3924,15:08:05,121.454283098,31.1916555523,121.454114287,31.1915564736,121.455265391,31.190591314
3925,15:08:05,121.454283098,31.1916555523,121.454114287,31.1915564736,121.455265391,31.190591314
3926,15:08:05,121.454283098,31.1916555523,121.454114287,31.1915564736,121.455265391,31.190591314
3927,15:08:06,121.454283098,31.1916555523,121.454114287,31.1915564736,121.455265391,31.190591314
3928,15:08:06,121.454283098,31.1916555523,121.454114287,31.1915564736,121.455265391,31.190591314
3929,15:08:07,121.454283098,31.1916555523,121.454114287,31.1915564736,121.455265391,31.190591314
3930,15:08:07,121.454283098,31.1916555523,121.454114287,31.1915564736,121.455265391,31.190591314
3931,15:08:08,121.454283098,31.1916555523,121.454114287,31.1915564736,121.455265391,31.190591314
3932,15:08:08,121.454283098,31.1916555523,121.454114287,31.1915564736,121.455265391,31.190591314
3933,15:08:09,121.454283098,31.1916555523,121.454114287,31.1915564736,121.455265391,31.190591314
3934,15:08:09,121.454283098,31.1916555523,121.454114287,31.1915564736,121.455265391,31.190591314
3935,15:08:10,121.454283098,31.1916555523,121.454114287,31.1915564736,121.455265391,31.190591314
3936,15:08:10,121.454283098,31.1916555523,121.454114287,31.1915564736,121.455265391,31.190591314
3937,15:08:11,121.454283098,31.1916555523,121.454114287,31.1915564736,121.455265391,31.190591314
3938,15:08:11,121.454283098,31.1916555523,121.454114287,31.1915564736,121.455265391,31.190591314
3939,15:08:12,121.454283098,31.1916555523,121.454114287,31.1915564736,121.455265391,31.190591314
3940,15:08:12,121.454666098,31.1911186785,121.454230696,31.1914511858,121.455265391,31.190591314
3941,15:08:13,121.454666098,31.1911186785,121.454230696,31.1914511858,121.455265391,31.190591314
3942,15:08:13,121.454666098,31.1911186785,121.454230696,31.1914511858,121.455265391,31.190591314
3943,15:08:14,121.454666098,31.1911186785,121.454230696,31.1914511858,121.455265391,31.190591314
3944,15:08:14,121.454666098,31.1911186785,121.454230696,31.1914511858,121.455265391,31.190591314
3945,15:08:15,121.454666098,31.1911186785,121.454230696,31.1914511858,121.455265391,31.190591314
3946,15:08:15,121.454666098,31.1911186785,121.454230696,31.1914511858,121.455265391,31.190591314
3947,15:08:16,121.454666098,31.1911186785,121.454230696,31.1914511858,121.455265391,31.190591314
3948,15:08:16,121.454666098,31.1911186785,121.454230696,31.1914511858,121.455265391,31.190591314
3949,15:08:17,121.454666098,31.1911186785,121.454230696,31.1914511858,121.455265391,31.190591314
3950,15:08:17,121.454666098,31.1911186785,121.454230696,31.1914511858,121.455265391,31.190591314
3951,15:08:18,121.454666098,31.1911186785,121.454230696,31.1914511858,121.455265391,31.190591314
3952,15:08:18,121.454666098,31.1911186785,121.454230696,31.1914511858,121.455265391,31.190591314
3953,15:08:18,121.454666098,31.1911186785,121.454230696,31.1914511858,121.455265391,31.190591314
3954,15:08:19,121.454666098,31.1911186785,121.454230696,31.1914511858,121.455265391,31.190591314
3955,15:08:19,121.454666098,31.1911186785,121.454230696,31.1914511858,121.455265391,31.190591314
3956,15:08:20,121.454666098,31.1911186785,121.454230696,31.1914511858,121.455265391,31.190591314
3957,15:08:20,121.454666098,31.1911186785,121.454230696,31.1914511858,121.455265391,31.190591314
3958,15:08:21,121.454666098,31.1911186785,121.454230696,31.1914511858,121.455265391,31.190591314
3959,15:08:21,121.454666098,31.1911186785,121.454230696,31.1914511858,121.455265391,31.190591314
3960,15:08:22,121.454283098,31.1916555523,121.454295535,31.1914093737,121.455265391,31.190591314
3961,15:08:22,121.454283098,31.1916555523,121.454295535,31.1914093737,121.455265391,31.190591314
3962,15:08:23,121.454283098,31.1916555523,121.454295535,31.1914093737,121.455265391,31.190591314
3963,15:08:23,121.454283098,31.1916555523,121.454295535,31.1914093737,121.455265391,31.190591314
3964,15:08:24,121.454283098,31.1916555523,121.454295535,31.1914093737,121.455265391,31.190591314
3965,15:08:24,121.454283098,31.1916555523,121.454295535,31.1914093737,121.455265391,31.190591314
3966,15:08:25,121.454283098,31.1916555523,121.454295535,31.1914093737,121.455265391,31.190591314
3967,15:08:25,121.454283098,31.1916555523,121.454295535,31.1914093737,121.455265391,31.190591314
3968,15:08:26,121.454283098,31.1916555523,121.454295535,31.1914093737,121.455265391,31.190591314
3969,15:08:26,121.454283098,31.1916555523,121.454295535,31.1914093737,121.455265391,31.190591314
3970,15:08:27,121.454283098,31.1916555523,121.454295535,31.1914093737,121.455265391,31.190591314
3971,15:08:27,121.454283098,31.1916555523,121.454295535,31.1914093737,121.455265391,31.190591314
3972,15:08:28,121.454283098,31.1916555523,121.454295535,31.1914093737,121.455265391,31.190591314
3973,15:08:28,121.454283098,31.1916555523,121.454295535,31.1914093737,121.455265391,31.190591314
3974,15:08:29,121.454283098,31.1916555523,121.454295535,31.1914093737,121.455265391,31.190591314
3975,15:08:29,121.454283098,31.1916555523,121.454295535,31.1914093737,121.455265391,31.190591314
3976,15:08:30,121.454283098,31.1916555523,121.454295535,31.1914093737,121.455265391,31.190591314
3977,15:08:30,121.454283098,31.1916555523,121.454295535,31.1914093737,121.455265391,31.190591314
3978,15:08:30,121.454283098,31.1916555523,121.454295535,31.1914093737,121.455265391,31.190591314
3979,15:08:31,121.454283098,31.1916555523,121.454295535,31.1914093737,121.455265391,31.190591314
3980,15:08:31,121.454666098,31.1911186785,121.454356978,31.1913108602,121.455265391,31.190591314
3981,15:08:32,121.454666098,31.1911186785,121.454356978,31.1913108602,121.455265391,31.190591314
3982,15:08:32,121.454666098,31.1911186785,121.454356978,31.1913108602,121.455265391,31.190591314
3983,15:08:33,121.454666098,31.1911186785,121.454356978,31.1913108602,121.455265391,31.190591314
3984,15:08:33,121.454666098,31.1911186785,121.454356978,31.1913108602,121.455265391,31.190591314
3985,15:08:34,121.454666098,31.1911186785,121.454356978,31.1913108602,121.455265391,31.190591314
3986,15:08:34,121.454666098,31.1911186785,121.454356978,31.1913108602,121.455265391,31.190591314
3987,15:08:35,121.454666098,31.1911186785,121.454356978,31.1913108602,121.455265391,31.190591314
3988,15:08:35,121.454666098,31.1911186785,121.454356978,31.1913108602,121.455265391,31.190591314
3989,15:08:36,121.454666098,31.1911186785,121.454356978,31.1913108602,121.455265391,31.190591314
3990,15:08:36,121.454666098,31.1911186785,121.454356978,31.1913108602,121.455265391,31.190591314
3991,15:08:37,121.454666098,31.1911186785,121.454356978,31.1913108602,121.455265391,31.190591314
3992,15:08:37,121.454666098,31.1911186785,121.454356978,31.1913108602,121.455265391,31.190591314
3993,15:08:38,121.454666098,31.1911186785,121.454356978,31.1913108602,121.455265391,31.190591314
3994,15:08:38,121.454666098,31.1911186785,121.454356978,31.1913108602,121.455265391,31.190591314
3995,15:08:39,121.454666098,31.1911186785,121.454356978,31.1913108602,121.455265391,31.190591314
3996,15:08:39,121.454666098,31.1911186785,121.454356978,31.1913108602,121.455265391,31.190591314
3997,15:08:40,121.454666098,31.1911186785,121.454356978,31.1913108602,121.455265391,31.190591314
3998,15:08:40,121.454666098,31.1911186785,121.454356978,31.1913108602,121.455265391,31.190591314
3999,15:08:41,121.454666098,31.1911186785,121.454356978,31.1913108602,121.455265391,31.190591314
4000,15:08:41,121.454666098,31.1911186785,121.454465109,31.1912439473,121.455265391,31.190591314
4001,15:08:42,121.454666098,31.1911186785,121.454465109,31.1912439473,121.455265391,31.190591314
4002,15:08:42,121.454666098,31.1911186785,121.454465109,31.1912439473,121.455265391,31.190591314
4003,15:08:42,121.454666098,31.1911186785,121.454465109,31.1912439473,121.455265391,31.190591314
4004,15:08:43,121.454666098,31.1911186785,121.454465109,31.1912439473,121.455265391,31.190591314
4005,15:08:43,121.454666098,31.1911186785,121.454465109,31.1912439473,121.455265391,31.190591314
4006,15:08:44,121.454666098,31.1911186785,121.454465109,31.1912439473,121.455265391,31.190591314
4007,15:08:44,121.454666098,31.1911186785,121.454465109,31.1912439473,121.455265391,31.190591314
4008,15:08:45,121.454666098,31.1911186785,121.454465109,31.1912439473,121.455265391,31.190591314
4009,15:08:45,121.454666098,31.1911186785,121.454465109,31.1912439473,121.455265391,31.190591314
4010,15:08:46,121.454666098,31.1911186785,121.454465109,31.1912439473,121.455265391,31.190591314
4011,15:08:46,121.454666098,31.1911186785,121.454465109,31.1912439473,121.455265391,31.190591314
4012,15:08:47,121.454666098,31.1911186785,121.454465109,31.1912439473,121.455265391,31.190591314
4013,15:08:47,121.454666098,31.1911186785,121.454465109,31.1912439473,121.455265391,31.190591314
4014,15:08:48,121.454666098,31.1911186785,121.454465109,31.1912439473,121.455265391,31.190591314
4015,15:08:48,121.454666098,31.1911186785,121.454465109,31.1912439473,121.455265391,31.190591314
4016,15:08:49,121.454666098,31.1911186785,121.454465109,31.1912439473,121.455265391,31.190591314
4017,15:08:49,121.454666098,31.1911186785,121.454465109,31.1912439473,121.455265391,31.190591314
4018,15:08:50,121.454666098,31.1911186785,121.454465109,31.1912439473,121.455265391,31.190591314
4019,15:08:50,121.454666098,31.1911186785,121.454465109,31.1912439473,121.455265391,31.190591314
4020,15:08:51,121.454666098,31.1911186785,121.454611355,31.1912686614,121.455265391,31.190591314
4021,15:08:51,121.454666098,31.1911186785,121.454611355,31.1912686614,121.455265391,31.190591314
4022,15:08:52,121.454666098,31.1911186785,121.454611355,31.1912686614,121.455265391,31.190591314
4023,15:08:52,121.454666098,31.1911186785,121.454611355,31.1912686614,121.455265391,31.190591314
4024,15:08:53,121.454666098,31.1911186785,121.454611355,31.1912686614,121.455265391,31.190591314
4025,15:08:53,121.454666098,31.1911186785,121.454611355,31.1912686614,121.455265391,31.190591314
4026,15:08:54,121.454666098,31.1911186785,121.454611355,31.1912686614,121.455265391,31.190591314
4027,15:08:54,121.454666098,31.1911186785,121.454611355,31.1912686614,121.455265391,31.190591314
4028,15:08:54,121.454666098,31.1911186785,121.454611355,31.1912686614,121.455265391,31.190591314
4029,15:08:55,121.454666098,31.1911186785,121.454611355,31.1912686614,121.455265391,31.190591314
4030,15:08:55,121.454666098,31.1911186785,121.454611355,31.1912686614,121.455265391,31.190591314
4031,15:08:56,121.454666098,31.1911186785,121.454611355,31.1912686614,121.455265391,31.190591314
4032,15:08:56,121.454666098,31.1911186785,121.454611355,31.1912686614,121.455265391,31.190591314
4033,15:08:57,121.454666098,31.1911186785,121.454611355,31.1912686614,121.455265391,31.190591314
4034,15:08:57,121.454666098,31.1911186785,121.454611355,31.1912686614,121.455265391,31.190591314
4035,15:08:58,121.454666098,31.1911186785,121.454611355,31.1912686614,121.455265391,31.190591314
4036,15:08:58,121.454666098,31.1911186785,121.454611355,31.1912686614,121.455265391,31.190591314
4037,15:08:59,121.454666098,31.1911186785,121.454611355,31.1912686614,121.455265391,31.190591314
4038,15:08:59,121.454666098,31.1911186785,121.454611355,31.1912686614,121.455265391,31.190591314
4039,15:09:00,121.454666098,31.1911186785,121.454611355,31.1912686614,121.455265391,31.190591314
4040,15:09:00,121.454666098,31.1911186785,121.454734443,31.1911400063,121.455265391,31.190591314
4041,15:09:01,121.454666098,31.1911186785,121.454734443,31.1911400063,121.455265391,31.190591314
4042,15:09:01,121.454666098,31.1911186785,121.454734443,31.1911400063,121.455265391,31.190591314
4043,15:09:02,121.454666098,31.1911186785,121.454734443,31.1911400063,121.455265391,31.190591314
4044,15:09:02,121.454666098,31.1911186785,121.454734443,31.1911400063,121.455265391,31.190591314
4045,15:09:03,121.454666098,31.1911186785,121.454734443,31.1911400063,121.455265391,31.190591314
4046,15:09:03,121.454666098,31.1911186785,121.454734443,31.1911400063,121.455265391,31.190591314
4047,15:09:04,121.454666098,31.1911186785,121.454734443,31.1911400063,121.455265391,31.190591314
4048,15:09:04,121.454666098,31.1911186785,121.454734443,31.1911400063,121.455265391,31.190591314
4049,15:09:05,121.454666098,31.1911186785,121.454734443,31.1911400063,121.455265391,31.190591314
4050,15:09:05,121.454666098,31.1911186785,121.454734443,31.1911400063,121.455265391,31.190591314
4051,15:09:05,121.454666098,31.1911186785,121.454734443,31.1911400063,121.455265391,31.190591314
4052,15:09:06,121.454666098,31.1911186785,121.454734443,31.1911400063,121.455265391,31.190591314
4053,15:09:06,121.454666098,31.1911186785,121.454734443,31.1911400063,121.455265391,31.190591314
4054,15:09:07,121.454666098,31.1911186785,121.454734443,31.1911400063,121.455265391,31.190591314
4055,15:09:07,121.454666098,31.1911186785,121.454734443,31.1911400063,121.455265391,31.190591314
4056,15:09:08,121.454666098,31.1911186785,121.454734443,31.1911400063,121.455265391,31.190591314
4057,15:09:08,121.454666098,31.1911186785,121.454734443,31.1911400063,121.455265391,31.190591314
4058,15:09:09,121.454666098,31.1911186785,121.454734443,31.1911400063,121.455265391,31.190591314
4059,15:09:09,121.454666098,31.1911186785,121.454734443,31.1911400063,121.455265391,31.190591314
4060,15:09:10,121.45466787,31.1907288314,121.45476935,31.1910448879,121.455265391,31.190591314
4061,15:09:10,121.45466787,31.1907288314,121.45476935,31.1910448879,121.455265391,31.190591314
4062,15:09:11,121.45466787,31.1907288314,121.45476935,31.1910448879,121.455265391,31.190591314
4063,15:09:11,121.45466787,31.1907288314,121.45476935,31.1910448879,121.455265391,31.190591314
4064,15:09:12,121.45466787,31.1907288314,121.45476935,31.1910448879,121.455265391,31.190591314
4065,15:09:12,121.45466787,31.1907288314,121.45476935,31.1910448879,121.455265391,31.190591314
4066,15:09:13,121.45466787,31.1907288314,121.45476935,31.1910448879,121.455265391,31.190591314
4067,15:09:13,121.45466787,31.1907288314,121.45476935,31.1910448879,121.455265391,31.190591314
4068,15:09:14,121.45466787,31.1907288314,121.45476935,31.1910448879,121.455265391,31.190591314
4069,15:09:14,121.45466787,31.1907288314,121.45476935,31.1910448879,121.455265391,31.190591314
4070,15:09:15,121.45466787,31.1907288314,121.45476935,31.1910448879,121.455265391,31.190591314
4071,15:09:15,121.45466787,31.1907288314,121.45476935,31.1910448879,121.455265391,31.190591314
4072,15:09:16,121.45466787,31.1907288314,121.45476935,31.1910448879,121.455265391,31.190591314
4073,15:09:16,121.45466787,31.1907288314,121.45476935,31.1910448879,121.455265391,31.190591314
4074,15:09:17,121.45466787,31.1907288314,121.45476935,31.1910448879,121.455265391,31.190591314
4075,15:09:17,121.45466787,31.1907288314,121.45476935,31.1910448879,121.455265391,31.190591314
4076,15:09:17,121.45466787,31.1907288314,121.45476935,31.1910448879,121.455265391,31.190591314
4077,15:09:18,121.45466787,31.1907288314,121.45476935,31.1910448879,121.455265391,31.190591314
4078,15:09:18,121.45466787,31.1907288314,121.45476935,31.1910448879,121.455265391,31.190591314
4079,15:09:19,121.45466787,31.1907288314,121.45476935,31.1910448879,121.455265391,31.190591314
4080,15:09:19,121.45466787,31.1907288314,121.454739415,31.1909599072,121.455265391,31.190591314
4081,15:09:20,121.45466787,31.1907288314,121.454739415,31.1909599072,121.455265391,31.190591314
4082,15:09:20,121.45466787,31.1907288314,121.454739415,31.1909599072,121.455265391,31.190591314
4083,15:09:21,121.45466787,31.1907288314,121.454739415,31.1909599072,121.455265391,31.190591314
4084,15:09:21,121.45466787,31.1907288314,121.454739415,31.1909599072,121.455265391,31.190591314
4085,15:09:22,121.45466787,31.1907288314,121.454739415,31.1909599072,121.455265391,31.190591314
4086,15:09:22,121.45466787,31.1907288314,121.454739415,31.1909599072,121.455265391,31.190591314
4087,15:09:23,121.45466787,31.1907288314,121.454739415,31.1909599072,121.455265391,31.190591314
4088,15:09:23,121.45466787,31.1907288314,121.454739415,31.1909599072,121.455265391,31.190591314
4089,15:09:24,121.45466787,31.1907288314,121.454739415,31.1909599072,121.455265391,31.190591314
4090,15:09:24,121.45466787,31.1907288314,121.454739415,31.1909599072,121.455265391,31.190591314
4091,15:09:25,121.45466787,31.1907288314,121.454739415,31.1909599072,121.455265391,31.190591314
4092,15:09:25,121.45466787,31.1907288314,121.454739415,31.1909599072,121.455265391,31.190591314
4093,15:09:26,121.45466787,31.1907288314,121.454739415,31.1909599072,121.455265391,31.190591314
4094,15:09:26,121.45466787,31.1907288314,121.454739415,31.1909599072,121.455265391,31.190591314
4095,15:09:27,121.45466787,31.1907288314,121.454739415,31.1909599072,121.455265391,31.190591314
4096,15:09:27,121.45466787,31.1907288314,121.454739415,31.1909599072,121.455265391,31.190591314
4097,15:09:28,121.45466787,31.1907288314,121.454739415,31.1909599072,121.455265391,31.190591314
4098,15:09:28,121.45466787,31.1907288314,121.454739415,31.1909599072,121.455265391,31.190591314
4099,15:09:29,121.45466787,31.1907288314,121.454739415,31.1909599072,121.455265391,31.190591314
4100,15:09:29,121.454084301,31.1919529115,121.454652918,31.1908600346,121.455265391,31.190591314
4101,15:09:29,121.454084301,31.1919529115,121.454652918,31.1908600346,121.455265391,31.190591314
4102,15:09:30,121.454084301,31.1919529115,121.454652918,31.1908600346,121.455265391,31.190591314
4103,15:09:30,121.454084301,31.1919529115,121.454652918,31.1908600346,121.455265391,31.190591314
4104,15:09:31,121.454084301,31.1919529115,121.454652918,31.1908600346,121.455265391,31.190591314
4105,15:09:31,121.454084301,31.1919529115,121.454652918,31.1908600346,121.455265391,31.190591314
4106,15:09:32,121.454084301,31.1919529115,121.454652918,31.1908600346,121.455265391,31.190591314
4107,15:09:32,121.454084301,31.1919529115,121.454652918,31.1908600346,121.455265391,31.190591314
4108,15:09:33,121.454084301,31.1919529115,121.454652918,31.1908600346,121.455265391,31.190591314
4109,15:09:33,121.454084301,31.1919529115,121.454652918,31.1908600346,121.455265391,31.190591314
4110,15:09:34,121.454084301,31.1919529115,121.454652918,31.1908600346,121.455265391,31.190591314
4111,15:09:34,121.454084301,31.1919529115,121.454652918,31.1908600346,121.455265391,31.190591314
4112,15:09:35,121.454084301,31.1919529115,121.454652918,31.1908600346,121.455265391,31.190591314
4113,15:09:35,121.454084301,31.1919529115,121.454652918,31.1908600346,121.455265391,31.190591314
4114,15:09:36,121.454084301,31.1919529115,121.454652918,31.1908600346,121.455265391,31.190591314
4115,15:09:36,121.454084301,31.1919529115,121.454652918,31.1908600346,121.455265391,31.190591314
4116,15:09:37,121.454084301,31.1919529115,121.454652918,31.1908600346,121.455265391,31.190591314
4117,15:09:37,121.454084301,31.1919529115,121.454652918,31.1908600346,121.455265391,31.190591314
4118,15:09:38,121.454084301,31.1919529115,121.454652918,31.1908600346,121.455265391,31.190591314
4119,15:09:38,121.454084301,31.1919529115,121.454652918,31.1908600346,121.455265391,31.190591314
4120,15:09:39,121.45466787,31.1907288314,121.454558144,31.1908018693,121.455265391,31.190591314
4121,15:09:39,121.45466787,31.1907288314,121.454558144,31.1908018693,121.455265391,31.190591314
4122,15:09:40,121.45466787,31.1907288314,121.454558144,31.1908018693,121.455265391,31.190591314
4123,15:09:40,121.45466787,31.1907288314,121.454558144,31.1908018693,121.455265391,31.190591314
4124,15:09:41,121.45466787,31.1907288314,121.454558144,31.1908018693,121.455265391,31.190591314
4125,15:09:41,121.45466787,31.1907288314,121.454558144,31.1908018693,121.455265391,31.190591314
4126,15:09:41,121.45466787,31.1907288314,121.454558144,31.1908018693,121.455265391,31.190591314
4127,15:09:42,121.45466787,31.1907288314,121.454558144,31.1908018693,121.455265391,31.190591314
4128,15:09:42,121.45466787,31.1907288314,121.454558144,31.1908018693,121.455265391,31.190591314
4129,15:09:43,121.45466787,31.1907288314,121.454558144,31.1908018693,121.455265391,31.190591314
4130,15:09:43,121.45466787,31.1907288314,121.454558144,31.1908018693,121.455265391,31.190591314
4131,15:09:44,121.45466787,31.1907288314,121.454558144,31.1908018693,121.455265391,31.190591314
4132,15:09:44,121.45466787,31.1907288314,121.454558144,31.1908018693,121.455265391,31.190591314
4133,15:09:45,121.45466787,31.1907288314,121.454558144,31.1908018693,121.455265391,31.190591314
4134,15:09:45,121.45466787,31.1907288314,121.454558144,31.1908018693,121.455265391,31.190591314
4135,15:09:46,121.45466787,31.1907288314,121.454558144,31.1908018693,121.455265391,31.190591314
4136,15:09:46,121.45466787,31.1907288314,121.454558144,31.1908018693,121.455265391,31.190591314
4137,15:09:47,121.45466787,31.1907288314,121.454558144,31.1908018693,121.455265391,31.190591314
4138,15:09:47,121.45466787,31.1907288314,121.454558144,31.1908018693,121.455265391,31.190591314
4139,15:09:48,121.45466787,31.1907288314,121.454558144,31.1908018693,121.455265391,31.190591314
4140,15:09:48,121.453929384,31.1921862959,121.45448332,31.1907286555,121.455265391,31.190591314
4141,15:09:49,121.453929384,31.1921862959,121.45448332,31.1907286555,121.455265391,31.190591314
4142,15:09:49,121.453929384,31.1921862959,121.45448332,31.1907286555,121.455265391,31.190591314
4143,15:09:50,121.453929384,31.1921862959,121.45448332,31.1907286555,121.455265391,31.190591314
4144,15:09:50,121.453929384,31.1921862959,121.45448332,31.1907286555,121.455265391,31.190591314
4145,15:09:51,121.453929384,31.1921862959,121.45448332,31.1907286555,121.455265391,31.190591314
4146,15:09:51,121.453929384,31.1921862959,121.45448332,31.1907286555,121.455265391,31.190591314
4147,15:09:52,121.453929384,31.1921862959,121.45448332,31.1907286555,121.455265391,31.190591314
4148,15:09:52,121.453929384,31.1921862959,121.45448332,31.1907286555,121.455265391,31.190591314
4149,15:09:53,121.453929384,31.1921862959,121.45448332,31.1907286555,121.455265391,31.190591314
4150,15:09:53,121.453929384,31.1921862959,121.45448332,31.1907286555,121.455265391,31.190591314
4151,15:09:53,121.453929384,31.1921862959,121.45448332,31.1907286555,121.455265391,31.190591314
4152,15:09:54,121.453929384,31.1921862959,121.45448332,31.1907286555,121.455265391,31.190591314
4153,15:09:54,121.453929384,31.1921862959,121.45448332,31.1907286555,121.455265391,31.190591314
4154,15:09:55,121.453929384,31.1921862959,121.45448332,31.1907286555,121.455265391,31.190591314
4155,15:09:55,121.453929384,31.1921862959,121.45448332,31.1907286555,121.455265391,31.190591314
4156,15:09:56,121.453929384,31.1921862959,121.45448332,31.1907286555,121.455265391,31.190591314
4157,15:09:56,121.453929384,31.1921862959,121.45448332,31.1907286555,121.455265391,31.190591314
4158,15:09:57,121.453929384,31.1921862959,121.45448332,31.1907286555,121.455265391,31.190591314
4159,15:09:57,121.453929384,31.1921862959,121.45448332,31.1907286555,121.455265391,31.190591314
4160,15:09:58,121.454084301,31.1919529115,121.454393535,31.1906854769,121.455265391,31.190591314
4161,15:09:58,121.454084301,31.1919529115,121.454393535,31.1906854769,121.455265391,31.190591314
4162,15:09:59,121.454084301,31.1919529115,121.454393535,31.1906854769,121.455265391,31.190591314
4163,15:09:59,121.454084301,31.1919529115,121.454393535,31.1906854769,121.455265391,31.190591314
4164,15:10:00,121.454084301,31.1919529115,121.454393535,31.1906854769,121.455265391,31.190591314
4165,15:10:00,121.454084301,31.1919529115,121.454393535,31.1906854769,121.455265391,31.190591314
4166,15:10:01,121.454084301,31.1919529115,121.454393535,31.1906854769,121.455265391,31.190591314
4167,15:10:01,121.454084301,31.1919529115,121.454393535,31.1906854769,121.455265391,31.190591314
4168,15:10:02,121.454084301,31.1919529115,121.454393535,31.1906854769,121.455265391,31.190591314
4169,15:10:02,121.454084301,31.1919529115,121.454393535,31.1906854769,121.455265391,31.190591314
4170,15:10:03,121.454084301,31.1919529115,121.454393535,31.1906854769,121.455265391,31.190591314
4171,15:10:03,121.454084301,31.1919529115,121.454393535,31.1906854769,121.455265391,31.190591314
4172,15:10:04,121.454084301,31.1919529115,121.454393535,31.1906854769,121.455265391,31.190591314
4173,15:10:04,121.454084301,31.1919529115,121.454393535,31.1906854769,121.455265391,31.190591314
4174,15:10:05,121.454084301,31.1919529115,121.454393535,31.1906854769,121.455265391,31.190591314
4175,15:10:05,121.454084301,31.1919529115,121.454393535,31.1906854769,121.455265391,31.190591314
4176,15:10:05,121.454084301,31.1919529115,121.454393535,31.1906854769,121.455265391,31.190591314
4177,15:10:06,121.454084301,31.1919529115,121.454393535,31.1906854769,121.455265391,31.190591314
4178,15:10:06,121.454084301,31.1919529115,121.454393535,31.1906854769,121.455265391,31.190591314
4179,15:10:07,121.454084301,31.1919529115,121.454393535,31.1906854769,121.455265391,31.190591314
4180,15:10:07,121.453669817,31.1903504429,121.454293774,31.1906506623,121.455265391,31.190591314
4181,15:10:08,121.453669817,31.1903504429,121.454293774,31.1906506623,121.455265391,31.190591314
4182,15:10:08,121.453669817,31.1903504429,121.454293774,31.1906506623,121.455265391,31.190591314
4183,15:10:09,121.453669817,31.1903504429,121.454293774,31.1906506623,121.455265391,31.190591314
4184,15:10:09,121.453669817,31.1903504429,121.454293774,31.1906506623,121.455265391,31.190591314
4185,15:10:10,121.453669817,31.1903504429,121.454293774,31.1906506623,121.455265391,31.190591314
4186,15:10:10,121.453669817,31.1903504429,121.454293774,31.1906506623,121.455265391,31.190591314
4187,15:10:11,121.453669817,31.1903504429,121.454293774,31.1906506623,121.455265391,31.190591314
4188,15:10:11,121.453669817,31.1903504429,121.454293774,31.1906506623,121.455265391,31.190591314
4189,15:10:12,121.453669817,31.1903504429,121.454293774,31.1906506623,121.455265391,31.190591314
4190,15:10:12,121.453669817,31.1903504429,121.454293774,31.1906506623,121.455265391,31.190591314
4191,15:10:13,121.453669817,31.1903504429,121.454293774,31.1906506623,121.455265391,31.190591314
4192,15:10:14,121.453669817,31.1903504429,121.454293774,31.1906506623,121.455265391,31.190591314
4193,15:10:14,121.453669817,31.1903504429,121.454293774,31.1906506623,121.455265391,31.190591314
4194,15:10:14,121.453669817,31.1903504429,121.454293774,31.1906506623,121.455265391,31.190591314
4195,15:10:15,121.453669817,31.1903504429,121.454293774,31.1906506623,121.455265391,31.190591314
4196,15:10:15,121.453669817,31.1903504429,121.454293774,31.1906506623,121.455265391,31.190591314
4197,15:10:16,121.453669817,31.1903504429,121.454293774,31.1906506623,121.455265391,31.190591314
4198,15:10:16,121.453669817,31.1903504429,121.454293774,31.1906506623,121.455265391,31.190591314
4199,15:10:17,121.453669817,31.1903504429,121.454293774,31.1906506623,121.455265391,31.190591314
4200,15:10:18,121.452718502,31.1899884651,121.454190721,31.1906225273,121.455265391,31.190591314
4201,15:10:18,121.452718502,31.1899884651,121.454190721,31.1906225273,121.455265391,31.190591314
4202,15:10:19,121.452718502,31.1899884651,121.454190721,31.1906225273,121.455265391,31.190591314
4203,15:10:19,121.452718502,31.1899884651,121.454190721,31.1906225273,121.455265391,31.190591314
4204,15:10:20,121.452718502,31.1899884651,121.454190721,31.1906225273,121.455265391,31.190591314
4205,15:10:20,121.452718502,31.1899884651,121.454190721,31.1906225273,121.455265391,31.190591314
4206,15:10:21,121.452718502,31.1899884651,121.454190721,31.1906225273,121.455265391,31.190591314
4207,15:10:22,121.452718502,31.1899884651,121.454190721,31.1906225273,121.455265391,31.190591314
4208,15:10:22,121.452718502,31.1899884651,121.454190721,31.1906225273,121.455265391,31.190591314
4209,15:10:22,121.452718502,31.1899884651,121.454190721,31.1906225273,121.455265391,31.190591314
4210,15:10:51,121.452718502,31.1899884651,121.454190721,31.1906225273,121.455265391,31.190591314
4211,15:10:52,121.452718502,31.1899884651,121.454190721,31.1906225273,121.455265391,31.190591314
4212,15:10:52,121.452718502,31.1899884651,121.454190721,31.1906225273,121.455265391,31.190591314
4213,15:10:53,121.452718502,31.1899884651,121.454190721,31.1906225273,121.455265391,31.190591314
4214,15:10:54,121.452718502,31.1899884651,121.454190721,31.1906225273,121.455265391,31.190591314
4215,15:10:54,121.452718502,31.1899884651,121.454190721,31.1906225273,121.455265391,31.190591314
4216,15:10:55,121.452718502,31.1899884651,121.454190721,31.1906225273,121.455265391,31.190591314
4217,15:10:55,121.452718502,31.1899884651,121.454190721,31.1906225273,121.455265391,31.190591314
4218,15:10:56,121.452718502,31.1899884651,121.454190721,31.1906225273,121.455265391,31.190591314
4219,15:10:56,121.452718502,31.1899884651,121.454190721,31.1906225273,121.455265391,31.190591314
4220,15:10:57,121.452718502,31.1899884651,121.453695196,31.1903950841,121.456903358,31.1913492591
4221,15:10:57,121.452718502,31.1899884651,121.453695196,31.1903950841,121.456903358,31.1913492591
4222,15:10:58,121.452718502,31.1899884651,121.453695196,31.1903950841,121.456903358,31.1913492591
4223,15:10:58,121.452718502,31.1899884651,121.453695196,31.1903950841,121.456903358,31.1913492591
4224,15:10:59,121.452718502,31.1899884651,121.453695196,31.1903950841,121.456903358,31.1913492591
4225,15:10:59,121.452718502,31.1899884651,121.453695196,31.1903950841,121.456903358,31.1913492591
4226,15:11:00,121.452718502,31.1899884651,121.453695196,31.1903950841,121.456903358,31.1913492591
4227,15:11:00,121.452718502,31.1899884651,121.453695196,31.1903950841,121.456903358,31.1913492591
4228,15:11:01,121.452718502,31.1899884651,121.453695196,31.1903950841,121.456903358,31.1913492591
4229,15:11:01,121.452718502,31.1899884651,121.453695196,31.1903950841,121.456903358,31.1913492591
4230,15:11:02,121.452718502,31.1899884651,121.453695196,31.1903950841,121.456903358,31.1913492591
4231,15:11:02,121.452718502,31.1899884651,121.453695196,31.1903950841,121.456903358,31.1913492591
4232,15:11:03,121.452718502,31.1899884651,121.453695196,31.1903950841,121.456903358,31.1913492591
4233,15:11:03,121.452718502,31.1899884651,121.453695196,31.1903950841,121.456903358,31.1913492591
4234,15:11:04,121.452718502,31.1899884651,121.453695196,31.1903950841,121.456903358,31.1913492591
4235,15:11:04,121.452718502,31.1899884651,121.453695196,31.1903950841,121.456903358,31.1913492591
4236,15:11:05,121.452718502,31.1899884651,121.453695196,31.1903950841,121.456903358,31.1913492591
4237,15:11:05,121.452718502,31.1899884651,121.453695196,31.1903950841,121.456903358,31.1913492591
4238,15:11:05,121.452718502,31.1899884651,121.453695196,31.1903950841,121.456903358,31.1913492591
4239,15:11:06,121.452718502,31.1899884651,121.453695196,31.1903950841,121.456903358,31.1913492591
4240,15:11:06,121.453669817,31.1903504429,121.453575481,31.1903719727,121.456903358,31.1913492591
4241,15:11:07,121.453669817,31.1903504429,121.453575481,31.1903719727,121.456903358,31.1913492591
4242,15:11:07,121.453669817,31.1903504429,121.453575481,31.1903719727,121.456903358,31.1913492591
4243,15:11:08,121.453669817,31.1903504429,121.453575481,31.1903719727,121.456903358,31.1913492591
4244,15:11:08,121.453669817,31.1903504429,121.453575481,31.1903719727,121.456903358,31.1913492591
4245,15:11:09,121.453669817,31.1903504429,121.453575481,31.1903719727,121.456903358,31.1913492591
4246,15:11:09,121.453669817,31.1903504429,121.453575481,31.1903719727,121.456903358,31.1913492591
4247,15:11:10,121.453669817,31.1903504429,121.453575481,31.1903719727,121.456903358,31.1913492591
4248,15:11:10,121.453669817,31.1903504429,121.453575481,31.1903719727,121.456903358,31.1913492591
4249,15:11:11,121.453669817,31.1903504429,121.453575481,31.1903719727,121.456903358,31.1913492591
4250,15:11:11,121.453669817,31.1903504429,121.453575481,31.1903719727,121.456903358,31.1913492591
4251,15:11:12,121.453669817,31.1903504429,121.453575481,31.1903719727,121.456903358,31.1913492591
4252,15:11:12,121.453669817,31.1903504429,121.453575481,31.1903719727,121.456903358,31.1913492591
4253,15:11:13,121.453669817,31.1903504429,121.453575481,31.1903719727,121.456903358,31.1913492591
4254,15:11:13,121.453669817,31.1903504429,121.453575481,31.1903719727,121.456903358,31.1913492591
4255,15:11:14,121.453669817,31.1903504429,121.453575481,31.1903719727,121.456903358,31.1913492591
4256,15:11:14,121.453669817,31.1903504429,121.453575481,31.1903719727,121.456903358,31.1913492591
4257,15:11:15,121.453669817,31.1903504429,121.453575481,31.1903719727,121.456903358,31.1913492591
4258,15:11:15,121.453669817,31.1903504429,121.453575481,31.1903719727,121.456903358,31.1913492591
4259,15:11:16,121.453669817,31.1903504429,121.453575481,31.1903719727,121.456903358,31.1913492591
4260,15:11:16,121.453040013,31.1901106791,121.453498961,31.1903304453,121.456903358,31.1913492591
4261,15:11:17,121.453040013,31.1901106791,121.453498961,31.1903304453,121.456903358,31.1913492591
4262,15:11:17,121.453040013,31.1901106791,121.453498961,31.1903304453,121.456903358,31.1913492591
4263,15:11:17,121.453040013,31.1901106791,121.453498961,31.1903304453,121.456903358,31.1913492591
4264,15:11:18,121.453040013,31.1901106791,121.453498961,31.1903304453,121.456903358,31.1913492591
4265,15:11:18,121.453040013,31.1901106791,121.453498961,31.1903304453,121.456903358,31.1913492591
4266,15:11:19,121.453040013,31.1901106791,121.453498961,31.1903304453,121.456903358,31.1913492591
4267,15:11:19,121.453040013,31.1901106791,121.453498961,31.1903304453,121.456903358,31.1913492591
4268,15:11:20,121.453040013,31.1901106791,121.453498961,31.1903304453,121.456903358,31.1913492591
4269,15:11:20,121.453040013,31.1901106791,121.453498961,31.1903304453,121.456903358,31.1913492591
4270,15:11:21,121.453040013,31.1901106791,121.453498961,31.1903304453,121.456903358,31.1913492591
4271,15:11:21,121.453040013,31.1901106791,121.453498961,31.1903304453,121.456903358,31.1913492591
4272,15:11:22,121.453040013,31.1901106791,121.453498961,31.1903304453,121.456903358,31.1913492591
4273,15:11:22,121.453040013,31.1901106791,121.453498961,31.1903304453,121.456903358,31.1913492591
4274,15:11:23,121.453040013,31.1901106791,121.453498961,31.1903304453,121.456903358,31.1913492591
4275,15:11:23,121.453040013,31.1901106791,121.453498961,31.1903304453,121.456903358,31.1913492591
4276,15:11:24,121.453040013,31.1901106791,121.453498961,31.1903304453,121.456903358,31.1913492591
4277,15:11:24,121.453040013,31.1901106791,121.453498961,31.1903304453,121.456903358,31.1913492591
4278,15:11:25,121.453040013,31.1901106791,121.453498961,31.1903304453,121.456903358,31.1913492591
4279,15:11:25,121.453040013,31.1901106791,121.453498961,31.1903304453,121.456903358,31.1913492591
4280,15:11:26,121.453040013,31.1901106791,121.453392611,31.1902872965,121.456903358,31.1913492591
4281,15:11:26,121.453040013,31.1901106791,121.453392611,31.1902872965,121.456903358,31.1913492591
4282,15:11:27,121.453040013,31.1901106791,121.453392611,31.1902872965,121.456903358,31.1913492591
4283,15:11:27,121.453040013,31.1901106791,121.453392611,31.1902872965,121.456903358,31.1913492591
4284,15:11:28,121.453040013,31.1901106791,121.453392611,31.1902872965,121.456903358,31.1913492591
4285,15:11:28,121.453040013,31.1901106791,121.453392611,31.1902872965,121.456903358,31.1913492591
4286,15:11:29,121.453040013,31.1901106791,121.453392611,31.1902872965,121.456903358,31.1913492591
4287,15:11:29,121.453040013,31.1901106791,121.453392611,31.1902872965,121.456903358,31.1913492591
4288,15:11:29,121.453040013,31.1901106791,121.453392611,31.1902872965,121.456903358,31.1913492591
4289,15:11:30,121.453040013,31.1901106791,121.453392611,31.1902872965,121.456903358,31.1913492591
4290,15:11:30,121.453040013,31.1901106791,121.453392611,31.1902872965,121.456903358,31.1913492591
4291,15:11:31,121.453040013,31.1901106791,121.453392611,31.1902872965,121.456903358,31.1913492591
4292,15:11:31,121.453040013,31.1901106791,121.453392611,31.1902872965,121.456903358,31.1913492591
4293,15:11:32,121.453040013,31.1901106791,121.453392611,31.1902872965,121.456903358,31.1913492591
4294,15:11:32,121.453040013,31.1901106791,121.453392611,31.1902872965,121.456903358,31.1913492591
4295,15:11:33,121.453040013,31.1901106791,121.453392611,31.1902872965,121.456903358,31.1913492591
4296,15:11:33,121.453040013,31.1901106791,121.453392611,31.1902872965,121.456903358,31.1913492591
4297,15:11:34,121.453040013,31.1901106791,121.453392611,31.1902872965,121.456903358,31.1913492591
4298,15:11:34,121.453040013,31.1901106791,121.453392611,31.1902872965,121.456903358,31.1913492591
4299,15:11:35,121.453040013,31.1901106791,121.453392611,31.1902872965,121.456903358,31.1913492591
4300,15:11:35,121.453040013,31.1901106791,121.453289454,31.1902541559,121.456903358,31.1913492591
4301,15:11:36,121.453040013,31.1901106791,121.453289454,31.1902541559,121.456903358,31.1913492591
4302,15:11:36,121.453040013,31.1901106791,121.453289454,31.1902541559,121.456903358,31.1913492591
4303,15:11:37,121.453040013,31.1901106791,121.453289454,31.1902541559,121.456903358,31.1913492591
4304,15:11:37,121.453040013,31.1901106791,121.453289454,31.1902541559,121.456903358,31.1913492591
4305,15:11:38,121.453040013,31.1901106791,121.453289454,31.1902541559,121.456903358,31.1913492591
4306,15:11:38,121.453040013,31.1901106791,121.453289454,31.1902541559,121.456903358,31.1913492591
4307,15:11:39,121.453040013,31.1901106791,121.453289454,31.1902541559,121.456903358,31.1913492591
4308,15:11:39,121.453040013,31.1901106791,121.453289454,31.1902541559,121.456903358,31.1913492591
4309,15:11:40,121.453040013,31.1901106791,121.453289454,31.1902541559,121.456903358,31.1913492591
4310,15:11:40,121.453040013,31.1901106791,121.453289454,31.1902541559,121.456903358,31.1913492591
4311,15:11:41,121.453040013,31.1901106791,121.453289454,31.1902541559,121.456903358,31.1913492591
4312,15:11:41,121.453040013,31.1901106791,121.453289454,31.1902541559,121.456903358,31.1913492591
4313,15:11:41,121.453040013,31.1901106791,121.453289454,31.1902541559,121.456903358,31.1913492591
4314,15:11:42,121.453040013,31.1901106791,121.453289454,31.1902541559,121.456903358,31.1913492591
4315,15:11:42,121.453040013,31.1901106791,121.453289454,31.1902541559,121.456903358,31.1913492591
4316,15:11:43,121.453040013,31.1901106791,121.453289454,31.1902541559,121.456903358,31.1913492591
4317,15:11:43,121.453040013,31.1901106791,121.453289454,31.1902541559,121.456903358,31.1913492591
4318,15:11:44,121.453040013,31.1901106791,121.453289454,31.1902541559,121.456903358,31.1913492591
4319,15:11:44,121.453040013,31.1901106791,121.453289454,31.1902541559,121.456903358,31.1913492591
4320,15:11:45,121.453040013,31.1901106791,121.453174722,31.190191023,121.456903358,31.1913492591
4321,15:11:45,121.453040013,31.1901106791,121.453174722,31.190191023,121.456903358,31.1913492591
4322,15:11:46,121.453040013,31.1901106791,121.453174722,31.190191023,121.456903358,31.1913492591
4323,15:11:46,121.453040013,31.1901106791,121.453174722,31.190191023,121.456903358,31.1913492591
4324,15:11:47,121.453040013,31.1901106791,121.453174722,31.190191023,121.456903358,31.1913492591
4325,15:11:47,121.453040013,31.1901106791,121.453174722,31.190191023,121.456903358,31.1913492591
4326,15:11:48,121.453040013,31.1901106791,121.453174722,31.190191023,121.456903358,31.1913492591
4327,15:11:48,121.453040013,31.1901106791,121.453174722,31.190191023,121.456903358,31.1913492591
4328,15:11:49,121.453040013,31.1901106791,121.453174722,31.190191023,121.456903358,31.1913492591
4329,15:11:49,121.453040013,31.1901106791,121.453174722,31.190191023,121.456903358,31.1913492591
4330,15:11:50,121.453040013,31.1901106791,121.453174722,31.190191023,121.456903358,31.1913492591
4331,15:11:50,121.453040013,31.1901106791,121.453174722,31.190191023,121.456903358,31.1913492591
4332,15:11:51,121.453040013,31.1901106791,121.453174722,31.190191023,121.456903358,31.1913492591
4333,15:11:51,121.453040013,31.1901106791,121.453174722,31.190191023,121.456903358,31.1913492591
4334,15:11:52,121.453040013,31.1901106791,121.453174722,31.190191023,121.456903358,31.1913492591
4335,15:11:52,121.453040013,31.1901106791,121.453174722,31.190191023,121.456903358,31.1913492591
4336,15:11:53,121.453040013,31.1901106791,121.453174722,31.190191023,121.456903358,31.1913492591
4337,15:11:53,121.453040013,31.1901106791,121.453174722,31.190191023,121.456903358,31.1913492591
4338,15:11:53,121.453040013,31.1901106791,121.453174722,31.190191023,121.456903358,31.1913492591
4339,15:11:54,121.453040013,31.1901106791,121.453174722,31.190191023,121.456903358,31.1913492591
4340,15:11:54,121.453040013,31.1901106791,121.453043429,31.1901395883,121.456903358,31.1913492591
4341,15:11:55,121.453040013,31.1901106791,121.453043429,31.1901395883,121.456903358,31.1913492591
4342,15:11:55,121.453040013,31.1901106791,121.453043429,31.1901395883,121.456903358,31.1913492591
4343,15:11:56,121.453040013,31.1901106791,121.453043429,31.1901395883,121.456903358,31.1913492591
4344,15:11:56,121.453040013,31.1901106791,121.453043429,31.1901395883,121.456903358,31.1913492591
4345,15:11:57,121.453040013,31.1901106791,121.453043429,31.1901395883,121.456903358,31.1913492591
4346,15:11:57,121.453040013,31.1901106791,121.453043429,31.1901395883,121.456903358,31.1913492591
4347,15:11:58,121.453040013,31.1901106791,121.453043429,31.1901395883,121.456903358,31.1913492591
4348,15:11:58,121.453040013,31.1901106791,121.453043429,31.1901395883,121.456903358,31.1913492591
4349,15:11:59,121.453040013,31.1901106791,121.453043429,31.1901395883,121.456903358,31.1913492591
4350,15:11:59,121.453040013,31.1901106791,121.453043429,31.1901395883,121.456903358,31.1913492591
4351,15:12:00,121.453040013,31.1901106791,121.453043429,31.1901395883,121.456903358,31.1913492591
4352,15:12:00,121.453040013,31.1901106791,121.453043429,31.1901395883,121.456903358,31.1913492591
4353,15:12:01,121.453040013,31.1901106791,121.453043429,31.1901395883,121.456903358,31.1913492591
4354,15:12:01,121.453040013,31.1901106791,121.453043429,31.1901395883,121.456903358,31.1913492591
4355,15:12:02,121.453040013,31.1901106791,121.453043429,31.1901395883,121.456903358,31.1913492591
4356,15:12:02,121.453040013,31.1901106791,121.453043429,31.1901395883,121.456903358,31.1913492591
4357,15:12:03,121.453040013,31.1901106791,121.453043429,31.1901395883,121.456903358,31.1913492591
4358,15:12:03,121.453040013,31.1901106791,121.453043429,31.1901395883,121.456903358,31.1913492591
4359,15:12:04,121.453040013,31.1901106791,121.453043429,31.1901395883,121.456903358,31.1913492591
4360,15:12:04,121.453040013,31.1901106791,121.452913734,31.1901215063,121.456903358,31.1913492591
4361,15:12:05,121.453040013,31.1901106791,121.452913734,31.1901215063,121.456903358,31.1913492591
4362,15:12:05,121.453040013,31.1901106791,121.452913734,31.1901215063,121.456903358,31.1913492591
4363,15:12:05,121.453040013,31.1901106791,121.452913734,31.1901215063,121.456903358,31.1913492591
4364,15:12:06,121.453040013,31.1901106791,121.452913734,31.1901215063,121.456903358,31.1913492591
4365,15:12:06,121.453040013,31.1901106791,121.452913734,31.1901215063,121.456903358,31.1913492591
4366,15:12:07,121.453040013,31.1901106791,121.452913734,31.1901215063,121.456903358,31.1913492591
4367,15:12:07,121.453040013,31.1901106791,121.452913734,31.1901215063,121.456903358,31.1913492591
4368,15:12:08,121.453040013,31.1901106791,121.452913734,31.1901215063,121.456903358,31.1913492591
4369,15:12:08,121.453040013,31.1901106791,121.452913734,31.1901215063,121.456903358,31.1913492591
4370,15:12:09,121.453040013,31.1901106791,121.452913734,31.1901215063,121.456903358,31.1913492591
4371,15:12:09,121.453040013,31.1901106791,121.452913734,31.1901215063,121.456903358,31.1913492591
4372,15:12:10,121.453040013,31.1901106791,121.452913734,31.1901215063,121.456903358,31.1913492591
4373,15:12:10,121.453040013,31.1901106791,121.452913734,31.1901215063,121.456903358,31.1913492591
4374,15:12:11,121.453040013,31.1901106791,121.452913734,31.1901215063,121.456903358,31.1913492591
4375,15:12:11,121.453040013,31.1901106791,121.452913734,31.1901215063,121.456903358,31.1913492591
4376,15:12:12,121.453040013,31.1901106791,121.452913734,31.1901215063,121.456903358,31.1913492591
4377,15:12:12,121.453040013,31.1901106791,121.452913734,31.1901215063,121.456903358,31.1913492591
4378,15:12:13,121.453040013,31.1901106791,121.452913734,31.1901215063,121.456903358,31.1913492591
4379,15:12:13,121.453040013,31.1901106791,121.452913734,31.1901215063,121.456903358,31.1913492591
4380,15:12:14,121.452718502,31.1899884651,121.452805588,31.1901000394,121.456903358,31.1913492591
4381,15:12:14,121.452718502,31.1899884651,121.452805588,31.1901000394,121.456903358,31.1913492591
4382,15:12:15,121.452718502,31.1899884651,121.452805588,31.1901000394,121.456903358,31.1913492591
4383,15:12:15,121.452718502,31.1899884651,121.452805588,31.1901000394,121.456903358,31.1913492591
4384,15:12:16,121.452718502,31.1899884651,121.452805588,31.1901000394,121.456903358,31.1913492591
4385,15:12:17,121.452718502,31.1899884651,121.452805588,31.1901000394,121.456903358,31.1913492591
4386,15:12:17,121.452718502,31.1899884651,121.452805588,31.1901000394,121.456903358,31.1913492591
4387,15:12:18,121.452718502,31.1899884651,121.452805588,31.1901000394,121.456903358,31.1913492591
4388,15:12:18,121.452718502,31.1899884651,121.452805588,31.1901000394,121.456903358,31.1913492591
4389,15:12:19,121.452718502,31.1899884651,121.452805588,31.1901000394,121.456903358,31.1913492591
4390,15:12:19,121.452718502,31.1899884651,121.452805588,31.1901000394,121.456903358,31.1913492591
4391,15:12:20,121.452718502,31.1899884651,121.452805588,31.1901000394,121.456903358,31.1913492591
4392,15:12:20,121.452718502,31.1899884651,121.452805588,31.1901000394,121.456903358,31.1913492591
4393,15:12:21,121.452718502,31.1899884651,121.452805588,31.1901000394,121.456903358,31.1913492591
4394,15:12:21,121.452718502,31.1899884651,121.452805588,31.1901000394,121.456903358,31.1913492591
4395,15:12:21,121.452718502,31.1899884651,121.452805588,31.1901000394,121.456903358,31.1913492591
4396,15:12:22,121.452718502,31.1899884651,121.452805588,31.1901000394,121.456903358,31.1913492591
4397,15:12:23,121.452718502,31.1899884651,121.452805588,31.1901000394,121.456903358,31.1913492591
4398,15:12:23,121.452718502,31.1899884651,121.452805588,31.1901000394,121.456903358,31.1913492591
4399,15:12:24,121.452718502,31.1899884651,121.452805588,31.1901000394,121.456903358,31.1913492591
4400,15:12:24,121.452718502,31.1899884651,121.452675891,31.190065278,121.450930544,31.1890351486
4401,15:12:25,121.452718502,31.1899884651,121.452675891,31.190065278,121.450930544,31.1890351486
4402,15:12:25,121.452718502,31.1899884651,121.452675891,31.190065278,121.450930544,31.1890351486
4403,15:12:26,121.452718502,31.1899884651,121.452675891,31.190065278,121.450930544,31.1890351486
4404,15:12:26,121.452718502,31.1899884651,121.452675891,31.190065278,121.450930544,31.1890351486
4405,15:12:27,121.452718502,31.1899884651,121.452675891,31.190065278,121.450930544,31.1890351486
4406,15:12:27,121.452718502,31.1899884651,121.452675891,31.190065278,121.450930544,31.1890351486
4407,15:12:28,121.452718502,31.1899884651,121.452675891,31.190065278,121.450930544,31.1890351486
4408,15:12:28,121.452718502,31.1899884651,121.452675891,31.190065278,121.450930544,31.1890351486
4409,15:12:29,121.452718502,31.1899884651,121.452675891,31.190065278,121.450930544,31.1890351486
4410,15:12:29,121.452718502,31.1899884651,121.452675891,31.190065278,121.450930544,31.1890351486
4411,15:12:30,121.452718502,31.1899884651,121.452675891,31.190065278,121.450930544,31.1890351486
4412,15:12:31,121.452718502,31.1899884651,121.452675891,31.190065278,121.450930544,31.1890351486
4413,15:12:31,121.452718502,31.1899884651,121.452675891,31.190065278,121.450930544,31.1890351486
4414,15:12:32,121.452718502,31.1899884651,121.452675891,31.190065278,121.450930544,31.1890351486
4415,15:12:32,121.452718502,31.1899884651,121.452675891,31.190065278,121.450930544,31.1890351486
4416,15:12:33,121.452718502,31.1899884651,121.452675891,31.190065278,121.450930544,31.1890351486
4417,15:12:33,121.452718502,31.1899884651,121.452675891,31.190065278,121.450930544,31.1890351486
4418,15:12:34,121.452718502,31.1899884651,121.452675891,31.190065278,121.450930544,31.1890351486
4419,15:12:34,121.452718502,31.1899884651,121.452675891,31.190065278,121.450930544,31.1890351486
4420,15:12:35,121.453040013,31.1901106791,121.452564547,31.1899987942,121.456903358,31.1913492591
4421,15:12:36,121.453040013,31.1901106791,121.452564547,31.1899987942,121.456903358,31.1913492591
4422,15:12:36,121.453040013,31.1901106791,121.452564547,31.1899987942,121.456903358,31.1913492591
4423,15:12:37,121.453040013,31.1901106791,121.452564547,31.1899987942,121.456903358,31.1913492591
4424,15:12:37,121.453040013,31.1901106791,121.452564547,31.1899987942,121.456903358,31.1913492591
4425,15:12:37,121.453040013,31.1901106791,121.452564547,31.1899987942,121.456903358,31.1913492591
4426,15:12:38,121.453040013,31.1901106791,121.452564547,31.1899987942,121.456903358,31.1913492591
4427,15:12:38,121.453040013,31.1901106791,121.452564547,31.1899987942,121.456903358,31.1913492591
4428,15:12:39,121.453040013,31.1901106791,121.452564547,31.1899987942,121.456903358,31.1913492591
4429,15:12:39,121.453040013,31.1901106791,121.452564547,31.1899987942,121.456903358,31.1913492591
4430,15:12:40,121.453040013,31.1901106791,121.452564547,31.1899987942,121.456903358,31.1913492591
4431,15:12:40,121.453040013,31.1901106791,121.452564547,31.1899987942,121.456903358,31.1913492591
4432,15:12:41,121.453040013,31.1901106791,121.452564547,31.1899987942,121.456903358,31.1913492591
4433,15:12:42,121.453040013,31.1901106791,121.452564547,31.1899987942,121.456903358,31.1913492591
4434,15:12:42,121.453040013,31.1901106791,121.452564547,31.1899987942,121.456903358,31.1913492591
4435,15:12:43,121.453040013,31.1901106791,121.452564547,31.1899987942,121.456903358,31.1913492591
4436,15:12:43,121.453040013,31.1901106791,121.452564547,31.1899987942,121.456903358,31.1913492591
4437,15:12:44,121.453040013,31.1901106791,121.452564547,31.1899987942,121.456903358,31.1913492591
4438,15:12:44,121.453040013,31.1901106791,121.452564547,31.1899987942,121.456903358,31.1913492591
4439,15:12:45,121.453040013,31.1901106791,121.452564547,31.1899987942,121.456903358,31.1913492591
4440,15:12:45,121.452363606,31.1898532614,121.452413195,31.1899207226,121.455265391,31.190591314
4441,15:12:46,121.452363606,31.1898532614,121.452413195,31.1899207226,121.455265391,31.190591314
4442,15:12:47,121.452363606,31.1898532614,121.452413195,31.1899207226,121.455265391,31.190591314
4443,15:12:47,121.452363606,31.1898532614,121.452413195,31.1899207226,121.455265391,31.190591314
4444,15:12:48,121.452363606,31.1898532614,121.452413195,31.1899207226,121.455265391,31.190591314
4445,15:12:48,121.452363606,31.1898532614,121.452413195,31.1899207226,121.455265391,31.190591314
4446,15:12:49,121.452363606,31.1898532614,121.452413195,31.1899207226,121.455265391,31.190591314
4447,15:12:49,121.452363606,31.1898532614,121.452413195,31.1899207226,121.455265391,31.190591314
4448,15:12:50,121.452363606,31.1898532614,121.452413195,31.1899207226,121.455265391,31.190591314
4449,15:12:50,121.452363606,31.1898532614,121.452413195,31.1899207226,121.455265391,31.190591314
4450,15:12:51,121.452363606,31.1898532614,121.452413195,31.1899207226,121.455265391,31.190591314
4451,15:12:51,121.452363606,31.1898532614,121.452413195,31.1899207226,121.455265391,31.190591314
4452,15:12:51,121.452363606,31.1898532614,121.452413195,31.1899207226,121.455265391,31.190591314
4453,15:12:52,121.452363606,31.1898532614,121.452413195,31.1899207226,121.455265391,31.190591314
4454,15:12:52,121.452363606,31.1898532614,121.452413195,31.1899207226,121.455265391,31.190591314
4455,15:12:53,121.452363606,31.1898532614,121.452413195,31.1899207226,121.455265391,31.190591314
4456,15:12:53,121.452363606,31.1898532614,121.452413195,31.1899207226,121.455265391,31.190591314
4457,15:12:54,121.452363606,31.1898532614,121.452413195,31.1899207226,121.455265391,31.190591314
4458,15:12:54,121.452363606,31.1898532614,121.452413195,31.1899207226,121.455265391,31.190591314
4459,15:12:55,121.452363606,31.1898532614,121.452413195,31.1899207226,121.455265391,31.190591314
4460,15:12:55,121.452117729,31.1897591997,121.452281799,31.1898709552,121.450930544,31.1890351486
4461,15:12:56,121.452117729,31.1897591997,121.452281799,31.1898709552,121.450930544,31.1890351486
4462,15:12:56,121.452117729,31.1897591997,121.452281799,31.1898709552,121.450930544,31.1890351486
4463,15:12:57,121.452117729,31.1897591997,121.452281799,31.1898709552,121.450930544,31.1890351486
4464,15:12:57,121.452117729,31.1897591997,121.452281799,31.1898709552,121.450930544,31.1890351486
4465,15:12:58,121.452117729,31.1897591997,121.452281799,31.1898709552,121.450930544,31.1890351486
4466,15:12:58,121.452117729,31.1897591997,121.452281799,31.1898709552,121.450930544,31.1890351486
4467,15:12:59,121.452117729,31.1897591997,121.452281799,31.1898709552,121.450930544,31.1890351486
4468,15:12:59,121.452117729,31.1897591997,121.452281799,31.1898709552,121.450930544,31.1890351486
4469,15:13:00,121.452117729,31.1897591997,121.452281799,31.1898709552,121.450930544,31.1890351486
4470,15:13:00,121.452117729,31.1897591997,121.452281799,31.1898709552,121.450930544,31.1890351486
4471,15:13:01,121.452117729,31.1897591997,121.452281799,31.1898709552,121.450930544,31.1890351486
4472,15:13:01,121.452117729,31.1897591997,121.452281799,31.1898709552,121.450930544,31.1890351486
4473,15:13:02,121.452117729,31.1897591997,121.452281799,31.1898709552,121.450930544,31.1890351486
4474,15:13:02,121.452117729,31.1897591997,121.452281799,31.1898709552,121.450930544,31.1890351486
4475,15:13:02,121.452117729,31.1897591997,121.452281799,31.1898709552,121.450930544,31.1890351486
4476,15:13:03,121.452117729,31.1897591997,121.452281799,31.1898709552,121.450930544,31.1890351486
4477,15:13:03,121.452117729,31.1897591997,121.452281799,31.1898709552,121.450930544,31.1890351486
4478,15:13:04,121.452117729,31.1897591997,121.452281799,31.1898709552,121.450930544,31.1890351486
4479,15:13:04,121.452117729,31.1897591997,121.452281799,31.1898709552,121.450930544,31.1890351486
4480,15:13:05,121.451459968,31.1894935378,121.452143816,31.1898145267,121.450930544,31.1890351486
4481,15:13:05,121.451459968,31.1894935378,121.452143816,31.1898145267,121.450930544,31.1890351486
4482,15:13:06,121.451459968,31.1894935378,121.452143816,31.1898145267,121.450930544,31.1890351486
4483,15:13:06,121.451459968,31.1894935378,121.452143816,31.1898145267,121.450930544,31.1890351486
4484,15:13:07,121.451459968,31.1894935378,121.452143816,31.1898145267,121.450930544,31.1890351486
4485,15:13:07,121.451459968,31.1894935378,121.452143816,31.1898145267,121.450930544,31.1890351486
4486,15:13:08,121.451459968,31.1894935378,121.452143816,31.1898145267,121.450930544,31.1890351486
4487,15:13:08,121.451459968,31.1894935378,121.452143816,31.1898145267,121.450930544,31.1890351486
4488,15:13:09,121.451459968,31.1894935378,121.452143816,31.1898145267,121.450930544,31.1890351486
4489,15:13:09,121.451459968,31.1894935378,121.452143816,31.1898145267,121.450930544,31.1890351486
4490,15:13:10,121.451459968,31.1894935378,121.452143816,31.1898145267,121.450930544,31.1890351486
4491,15:13:10,121.451459968,31.1894935378,121.452143816,31.1898145267,121.450930544,31.1890351486
4492,15:13:11,121.451459968,31.1894935378,121.452143816,31.1898145267,121.450930544,31.1890351486
4493,15:13:11,121.451459968,31.1894935378,121.452143816,31.1898145267,121.450930544,31.1890351486
4494,15:13:12,121.451459968,31.1894935378,121.452143816,31.1898145267,121.450930544,31.1890351486
4495,15:13:12,121.451459968,31.1894935378,121.452143816,31.1898145267,121.450930544,31.1890351486
4496,15:13:13,121.451459968,31.1894935378,121.452143816,31.1898145267,121.450930544,31.1890351486
4497,15:13:13,121.451459968,31.1894935378,121.452143816,31.1898145267,121.450930544,31.1890351486
4498,15:13:14,121.451459968,31.1894935378,121.452143816,31.1898145267,121.450930544,31.1890351486
4499,15:13:14,121.451459968,31.1894935378,121.452143816,31.1898145267,121.450930544,31.1890351486
4500,15:13:14,121.451459968,31.1894935378,121.452039056,31.189774711,121.450930544,31.1890351486
4501,15:13:15,121.451459968,31.1894935378,121.452039056,31.189774711,121.450930544,31.1890351486
4502,15:13:15,121.451459968,31.1894935378,121.452039056,31.189774711,121.450930544,31.1890351486
4503,15:13:16,121.451459968,31.1894935378,121.452039056,31.189774711,121.450930544,31.1890351486
4504,15:13:16,121.451459968,31.1894935378,121.452039056,31.189774711,121.450930544,31.1890351486
4505,15:13:17,121.451459968,31.1894935378,121.452039056,31.189774711,121.450930544,31.1890351486
4506,15:13:17,121.451459968,31.1894935378,121.452039056,31.189774711,121.450930544,31.1890351486
4507,15:13:18,121.451459968,31.1894935378,121.452039056,31.189774711,121.450930544,31.1890351486
4508,15:13:18,121.451459968,31.1894935378,121.452039056,31.189774711,121.450930544,31.1890351486
4509,15:13:19,121.451459968,31.1894935378,121.452039056,31.189774711,121.450930544,31.1890351486
4510,15:13:19,121.451459968,31.1894935378,121.452039056,31.189774711,121.450930544,31.1890351486
4511,15:13:20,121.451459968,31.1894935378,121.452039056,31.189774711,121.450930544,31.1890351486
4512,15:13:20,121.451459968,31.1894935378,121.452039056,31.189774711,121.450930544,31.1890351486
4513,15:13:21,121.451459968,31.1894935378,121.452039056,31.189774711,121.450930544,31.1890351486
4514,15:13:21,121.451459968,31.1894935378,121.452039056,31.189774711,121.450930544,31.1890351486
4515,15:13:22,121.451459968,31.1894935378,121.452039056,31.189774711,121.450930544,31.1890351486
4516,15:13:22,121.451459968,31.1894935378,121.452039056,31.189774711,121.450930544,31.1890351486
4517,15:13:23,121.451459968,31.1894935378,121.452039056,31.189774711,121.450930544,31.1890351486
4518,15:13:23,121.451459968,31.1894935378,121.452039056,31.189774711,121.450930544,31.1890351486
4519,15:13:24,121.451459968,31.1894935378,121.452039056,31.189774711,121.450930544,31.1890351486
4520,15:13:24,121.451459968,31.1894935378,121.451931003,31.1897232356,121.450930544,31.1890351486
4521,15:13:25,121.451459968,31.1894935378,121.451931003,31.1897232356,121.450930544,31.1890351486
4522,15:13:25,121.451459968,31.1894935378,121.451931003,31.1897232356,121.450930544,31.1890351486
4523,15:13:26,121.451459968,31.1894935378,121.451931003,31.1897232356,121.450930544,31.1890351486
4524,15:13:26,121.451459968,31.1894935378,121.451931003,31.1897232356,121.450930544,31.1890351486
4525,15:13:27,121.451459968,31.1894935378,121.451931003,31.1897232356,121.450930544,31.1890351486
4526,15:13:27,121.451459968,31.1894935378,121.451931003,31.1897232356,121.450930544,31.1890351486
4527,15:13:27,121.451459968,31.1894935378,121.451931003,31.1897232356,121.450930544,31.1890351486
4528,15:13:28,121.451459968,31.1894935378,121.451931003,31.1897232356,121.450930544,31.1890351486
4529,15:13:28,121.451459968,31.1894935378,121.451931003,31.1897232356,121.450930544,31.1890351486
4530,15:13:29,121.451459968,31.1894935378,121.451931003,31.1897232356,121.450930544,31.1890351486
4531,15:13:29,121.451459968,31.1894935378,121.451931003,31.1897232356,121.450930544,31.1890351486
4532,15:13:30,121.451459968,31.1894935378,121.451931003,31.1897232356,121.450930544,31.1890351486
4533,15:13:30,121.451459968,31.1894935378,121.451931003,31.1897232356,121.450930544,31.1890351486
4534,15:13:31,121.451459968,31.1894935378,121.451931003,31.1897232356,121.450930544,31.1890351486
4535,15:13:31,121.451459968,31.1894935378,121.451931003,31.1897232356,121.450930544,31.1890351486
4536,15:13:32,121.451459968,31.1894935378,121.451931003,31.1897232356,121.450930544,31.1890351486
4537,15:13:32,121.451459968,31.1894935378,121.451931003,31.1897232356,121.450930544,31.1890351486
4538,15:13:33,121.451459968,31.1894935378,121.451931003,31.1897232356,121.450930544,31.1890351486
4539,15:13:33,121.451459968,31.1894935378,121.451931003,31.1897232356,121.450930544,31.1890351486
4540,15:13:34,121.451459968,31.1894935378,121.451822851,31.1896884282,121.450930544,31.1890351486
4541,15:13:34,121.451459968,31.1894935378,121.451822851,31.1896884282,121.450930544,31.1890351486
4542,15:13:35,121.451459968,31.1894935378,121.451822851,31.1896884282,121.450930544,31.1890351486
4543,15:13:35,121.451459968,31.1894935378,121.451822851,31.1896884282,121.450930544,31.1890351486
4544,15:13:36,121.451459968,31.1894935378,121.451822851,31.1896884282,121.450930544,31.1890351486
4545,15:13:37,121.451459968,31.1894935378,121.451822851,31.1896884282,121.450930544,31.1890351486
4546,15:13:37,121.451459968,31.1894935378,121.451822851,31.1896884282,121.450930544,31.1890351486
4547,15:13:38,121.451459968,31.1894935378,121.451822851,31.1896884282,121.450930544,31.1890351486
4548,15:13:38,121.451459968,31.1894935378,121.451822851,31.1896884282,121.450930544,31.1890351486
4549,15:13:39,121.451459968,31.1894935378,121.451822851,31.1896884282,121.450930544,31.1890351486
4550,15:13:39,121.451459968,31.1894935378,121.451822851,31.1896884282,121.450930544,31.1890351486
4551,15:13:40,121.451459968,31.1894935378,121.451822851,31.1896884282,121.450930544,31.1890351486
4552,15:13:40,121.451459968,31.1894935378,121.451822851,31.1896884282,121.450930544,31.1890351486
4553,15:13:40,121.451459968,31.1894935378,121.451822851,31.1896884282,121.450930544,31.1890351486
4554,15:13:41,121.451459968,31.1894935378,121.451822851,31.1896884282,121.450930544,31.1890351486
4555,15:13:42,121.451459968,31.1894935378,121.451822851,31.1896884282,121.450930544,31.1890351486
4556,15:13:42,121.451459968,31.1894935378,121.451822851,31.1896884282,121.450930544,31.1890351486
4557,15:13:43,121.451459968,31.1894935378,121.451822851,31.1896884282,121.450930544,31.1890351486
4558,15:13:43,121.451459968,31.1894935378,121.451822851,31.1896884282,121.450930544,31.1890351486
4559,15:13:44,121.451459968,31.1894935378,121.451822851,31.1896884282,121.450930544,31.1890351486
4560,15:13:44,121.448519488,31.1892250555,121.451684865,31.1896336681,121.450930544,31.1890351486
4561,15:13:45,121.448519488,31.1892250555,121.451684865,31.1896336681,121.450930544,31.1890351486
4562,15:13:45,121.448519488,31.1892250555,121.451684865,31.1896336681,121.450930544,31.1890351486
4563,15:13:46,121.448519488,31.1892250555,121.451684865,31.1896336681,121.450930544,31.1890351486
4564,15:13:46,121.448519488,31.1892250555,121.451684865,31.1896336681,121.450930544,31.1890351486
4565,15:13:47,121.448519488,31.1892250555,121.451684865,31.1896336681,121.450930544,31.1890351486
4566,15:13:47,121.448519488,31.1892250555,121.451684865,31.1896336681,121.450930544,31.1890351486
4567,15:13:48,121.448519488,31.1892250555,121.451684865,31.1896336681,121.450930544,31.1890351486
4568,15:13:48,121.448519488,31.1892250555,121.451684865,31.1896336681,121.450930544,31.1890351486
4569,15:13:49,121.448519488,31.1892250555,121.451684865,31.1896336681,121.450930544,31.1890351486
4570,15:13:49,121.448519488,31.1892250555,121.451684865,31.1896336681,121.450930544,31.1890351486
4571,15:13:50,121.448519488,31.1892250555,121.451684865,31.1896336681,121.450930544,31.1890351486
4572,15:13:51,121.448519488,31.1892250555,121.451684865,31.1896336681,121.450930544,31.1890351486
4573,15:13:51,121.448519488,31.1892250555,121.451684865,31.1896336681,121.450930544,31.1890351486
4574,15:13:52,121.448519488,31.1892250555,121.451684865,31.1896336681,121.450930544,31.1890351486
4575,15:13:52,121.448519488,31.1892250555,121.451684865,31.1896336681,121.450930544,31.1890351486
4576,15:13:53,121.448519488,31.1892250555,121.451684865,31.1896336681,121.450930544,31.1890351486
4577,15:13:53,121.448519488,31.1892250555,121.451684865,31.1896336681,121.450930544,31.1890351486
4578,15:13:54,121.448519488,31.1892250555,121.451684865,31.1896336681,121.450930544,31.1890351486
4579,15:13:55,121.448519488,31.1892250555,121.451684865,31.1896336681,121.450930544,31.1890351486
4580,15:13:55,121.453040013,31.1901106791,121.451530218,31.1895789394,121.456903358,31.1913492591
4581,15:13:55,121.453040013,31.1901106791,121.451530218,31.1895789394,121.456903358,31.1913492591
4582,15:13:56,121.453040013,31.1901106791,121.451530218,31.1895789394,121.456903358,31.1913492591
4583,15:13:56,121.453040013,31.1901106791,121.451530218,31.1895789394,121.456903358,31.1913492591
4584,15:14:25,121.453040013,31.1901106791,121.451530218,31.1895789394,121.456903358,31.1913492591
4585,15:14:25,121.453040013,31.1901106791,121.451530218,31.1895789394,121.456903358,31.1913492591
4586,15:14:26,121.453040013,31.1901106791,121.451530218,31.1895789394,121.456903358,31.1913492591
4587,15:14:26,121.453040013,31.1901106791,121.451530218,31.1895789394,121.456903358,31.1913492591
4588,15:14:26,121.453040013,31.1901106791,121.451530218,31.1895789394,121.456903358,31.1913492591
4589,15:14:27,121.453040013,31.1901106791,121.451530218,31.1895789394,121.456903358,31.1913492591
4590,15:14:28,121.453040013,31.1901106791,121.451530218,31.1895789394,121.456903358,31.1913492591
4591,15:14:28,121.453040013,31.1901106791,121.451530218,31.1895789394,121.456903358,31.1913492591
4592,15:14:29,121.453040013,31.1901106791,121.451530218,31.1895789394,121.456903358,31.1913492591
4593,15:14:29,121.453040013,31.1901106791,121.451530218,31.1895789394,121.456903358,31.1913492591
4594,15:14:30,121.453040013,31.1901106791,121.451530218,31.1895789394,121.456903358,31.1913492591
4595,15:14:30,121.453040013,31.1901106791,121.451530218,31.1895789394,121.456903358,31.1913492591
4596,15:14:31,121.453040013,31.1901106791,121.451530218,31.1895789394,121.456903358,31.1913492591
4597,15:14:31,121.453040013,31.1901106791,121.451530218,31.1895789394,121.456903358,31.1913492591
4598,15:14:32,121.453040013,31.1901106791,121.451530218,31.1895789394,121.456903358,31.1913492591
4599,15:14:32,121.453040013,31.1901106791,121.451530218,31.1895789394,121.456903358,31.1913492591
4600,15:14:33,121.451459968,31.1894935378,121.451109456,31.1892729252,121.450930544,31.1890351486
4601,15:14:33,121.451459968,31.1894935378,121.451109456,31.1892729252,121.450930544,31.1890351486
4602,15:14:33,121.451459968,31.1894935378,121.451109456,31.1892729252,121.450930544,31.1890351486
4603,15:14:34,121.451459968,31.1894935378,121.451109456,31.1892729252,121.450930544,31.1890351486
4604,15:14:34,121.451459968,31.1894935378,121.451109456,31.1892729252,121.450930544,31.1890351486
4605,15:14:35,121.451459968,31.1894935378,121.451109456,31.1892729252,121.450930544,31.1890351486
4606,15:14:35,121.451459968,31.1894935378,121.451109456,31.1892729252,121.450930544,31.1890351486
4607,15:14:36,121.451459968,31.1894935378,121.451109456,31.1892729252,121.450930544,31.1890351486
4608,15:14:36,121.451459968,31.1894935378,121.451109456,31.1892729252,121.450930544,31.1890351486
4609,15:14:37,121.451459968,31.1894935378,121.451109456,31.1892729252,121.450930544,31.1890351486
4610,15:14:37,121.451459968,31.1894935378,121.451109456,31.1892729252,121.450930544,31.1890351486
4611,15:14:38,121.451459968,31.1894935378,121.451109456,31.1892729252,121.450930544,31.1890351486
4612,15:14:38,121.451459968,31.1894935378,121.451109456,31.1892729252,121.450930544,31.1890351486
4613,15:14:39,121.451459968,31.1894935378,121.451109456,31.1892729252,121.450930544,31.1890351486
4614,15:14:39,121.451459968,31.1894935378,121.451109456,31.1892729252,121.450930544,31.1890351486
4615,15:14:40,121.451459968,31.1894935378,121.451109456,31.1892729252,121.450930544,31.1890351486
4616,15:14:40,121.451459968,31.1894935378,121.451109456,31.1892729252,121.450930544,31.1890351486
4617,15:14:42,121.451459968,31.1894935378,121.451109456,31.1892729252,121.450930544,31.1890351486
4618,15:14:42,121.451459968,31.1894935378,121.451109456,31.1892729252,121.450930544,31.1890351486
4619,15:14:42,121.451459968,31.1894935378,121.451109456,31.1892729252,121.450930544,31.1890351486
4620,15:14:43,121.450551836,31.189129864,121.450944835,31.1893049251,121.446367302,31.1872925697
4621,15:14:43,121.450551836,31.189129864,121.450944835,31.1893049251,121.446367302,31.1872925697
4622,15:14:44,121.450551836,31.189129864,121.450944835,31.1893049251,121.446367302,31.1872925697
4623,15:14:44,121.450551836,31.189129864,121.450944835,31.1893049251,121.446367302,31.1872925697
4624,15:14:45,121.450551836,31.189129864,121.450944835,31.1893049251,121.446367302,31.1872925697
4625,15:14:45,121.450551836,31.189129864,121.450944835,31.1893049251,121.446367302,31.1872925697
4626,15:14:46,121.450551836,31.189129864,121.450944835,31.1893049251,121.446367302,31.1872925697
4627,15:14:46,121.450551836,31.189129864,121.450944835,31.1893049251,121.446367302,31.1872925697
4628,15:14:47,121.450551836,31.189129864,121.450944835,31.1893049251,121.446367302,31.1872925697
4629,15:14:47,121.450551836,31.189129864,121.450944835,31.1893049251,121.446367302,31.1872925697
4630,15:14:48,121.450551836,31.189129864,121.450944835,31.1893049251,121.446367302,31.1872925697
4631,15:14:48,121.450551836,31.189129864,121.450944835,31.1893049251,121.446367302,31.1872925697
4632,15:14:49,121.450551836,31.189129864,121.450944835,31.1893049251,121.446367302,31.1872925697
4633,15:14:49,121.450551836,31.189129864,121.450944835,31.1893049251,121.446367302,31.1872925697
4634,15:14:50,121.450551836,31.189129864,121.450944835,31.1893049251,121.446367302,31.1872925697
4635,15:14:50,121.450551836,31.189129864,121.450944835,31.1893049251,121.446367302,31.1872925697
4636,15:14:51,121.450551836,31.189129864,121.450944835,31.1893049251,121.446367302,31.1872925697
4637,15:14:51,121.450551836,31.189129864,121.450944835,31.1893049251,121.446367302,31.1872925697
4638,15:14:52,121.450551836,31.189129864,121.450944835,31.1893049251,121.446367302,31.1872925697
4639,15:14:52,121.450551836,31.189129864,121.450944835,31.1893049251,121.446367302,31.1872925697
4640,15:14:53,121.450551836,31.189129864,121.45082181,31.1892534637,121.446367302,31.1872925697
4641,15:14:53,121.450551836,31.189129864,121.45082181,31.1892534637,121.446367302,31.1872925697
4642,15:14:54,121.450551836,31.189129864,121.45082181,31.1892534637,121.446367302,31.1872925697
4643,15:14:54,121.450551836,31.189129864,121.45082181,31.1892534637,121.446367302,31.1872925697
4644,15:14:54,121.450551836,31.189129864,121.45082181,31.1892534637,121.446367302,31.1872925697
4645,15:14:55,121.450551836,31.189129864,121.45082181,31.1892534637,121.446367302,31.1872925697
4646,15:14:55,121.450551836,31.189129864,121.45082181,31.1892534637,121.446367302,31.1872925697
4647,15:14:56,121.450551836,31.189129864,121.45082181,31.1892534637,121.446367302,31.1872925697
4648,15:14:56,121.450551836,31.189129864,121.45082181,31.1892534637,121.446367302,31.1872925697
4649,15:14:57,121.450551836,31.189129864,121.45082181,31.1892534637,121.446367302,31.1872925697
4650,15:14:57,121.450551836,31.189129864,121.45082181,31.1892534637,121.446367302,31.1872925697
4651,15:14:58,121.450551836,31.189129864,121.45082181,31.1892534637,121.446367302,31.1872925697
4652,15:14:58,121.450551836,31.189129864,121.45082181,31.1892534637,121.446367302,31.1872925697
4653,15:14:59,121.450551836,31.189129864,121.45082181,31.1892534637,121.446367302,31.1872925697
4654,15:14:59,121.450551836,31.189129864,121.45082181,31.1892534637,121.446367302,31.1872925697
4655,15:15:00,121.450551836,31.189129864,121.45082181,31.1892534637,121.446367302,31.1872925697
4656,15:15:00,121.450551836,31.189129864,121.45082181,31.1892534637,121.446367302,31.1872925697
4657,15:15:01,121.450551836,31.189129864,121.45082181,31.1892534637,121.446367302,31.1872925697
4658,15:15:01,121.450551836,31.189129864,121.45082181,31.1892534637,121.446367302,31.1872925697
4659,15:15:02,121.450551836,31.189129864,121.45082181,31.1892534637,121.446367302,31.1872925697
4660,15:15:02,121.450551836,31.189129864,121.450698788,31.1892353581,121.446367302,31.1872925697
4661,15:15:03,121.450551836,31.189129864,121.450698788,31.1892353581,121.446367302,31.1872925697
4662,15:15:03,121.450551836,31.189129864,121.450698788,31.1892353581,121.446367302,31.1872925697
4663,15:15:04,121.450551836,31.189129864,121.450698788,31.1892353581,121.446367302,31.1872925697
4664,15:15:04,121.450551836,31.189129864,121.450698788,31.1892353581,121.446367302,31.1872925697
4665,15:15:05,121.450551836,31.189129864,121.450698788,31.1892353581,121.446367302,31.1872925697
4666,15:15:05,121.450551836,31.189129864,121.450698788,31.1892353581,121.446367302,31.1872925697
4667,15:15:06,121.450551836,31.189129864,121.450698788,31.1892353581,121.446367302,31.1872925697
4668,15:15:06,121.450551836,31.189129864,121.450698788,31.1892353581,121.446367302,31.1872925697
4669,15:15:06,121.450551836,31.189129864,121.450698788,31.1892353581,121.446367302,31.1872925697
4670,15:15:07,121.450551836,31.189129864,121.450698788,31.1892353581,121.446367302,31.1872925697
4671,15:15:07,121.450551836,31.189129864,121.450698788,31.1892353581,121.446367302,31.1872925697
4672,15:15:08,121.450551836,31.189129864,121.450698788,31.1892353581,121.446367302,31.1872925697
4673,15:15:08,121.450551836,31.189129864,121.450698788,31.1892353581,121.446367302,31.1872925697
4674,15:15:09,121.450551836,31.189129864,121.450698788,31.1892353581,121.446367302,31.1872925697
4675,15:15:09,121.450551836,31.189129864,121.450698788,31.1892353581,121.446367302,31.1872925697
4676,15:15:10,121.450551836,31.189129864,121.450698788,31.1892353581,121.446367302,31.1872925697
4677,15:15:10,121.450551836,31.189129864,121.450698788,31.1892353581,121.446367302,31.1872925697
4678,15:15:11,121.450551836,31.189129864,121.450698788,31.1892353581,121.446367302,31.1872925697
4679,15:15:11,121.450551836,31.189129864,121.450698788,31.1892353581,121.446367302,31.1872925697
4680,15:15:12,121.448664701,31.1889527273,121.450604,31.1892121861,121.446367302,31.1872925697
4681,15:15:12,121.448664701,31.1889527273,121.450604,31.1892121861,121.446367302,31.1872925697
4682,15:15:13,121.448664701,31.1889527273,121.450604,31.1892121861,121.446367302,31.1872925697
4683,15:15:13,121.448664701,31.1889527273,121.450604,31.1892121861,121.446367302,31.1872925697
4684,15:15:14,121.448664701,31.1889527273,121.450604,31.1892121861,121.446367302,31.1872925697
4685,15:15:14,121.448664701,31.1889527273,121.450604,31.1892121861,121.446367302,31.1872925697
4686,15:15:15,121.448664701,31.1889527273,121.450604,31.1892121861,121.446367302,31.1872925697
4687,15:15:15,121.448664701,31.1889527273,121.450604,31.1892121861,121.446367302,31.1872925697
4688,15:15:16,121.448664701,31.1889527273,121.450604,31.1892121861,121.446367302,31.1872925697
4689,15:15:16,121.448664701,31.1889527273,121.450604,31.1892121861,121.446367302,31.1872925697
4690,15:15:17,121.448664701,31.1889527273,121.450604,31.1892121861,121.446367302,31.1872925697
4691,15:15:17,121.448664701,31.1889527273,121.450604,31.1892121861,121.446367302,31.1872925697
4692,15:15:18,121.448664701,31.1889527273,121.450604,31.1892121861,121.446367302,31.1872925697
4693,15:15:18,121.448664701,31.1889527273,121.450604,31.1892121861,121.446367302,31.1872925697
4694,15:15:18,121.448664701,31.1889527273,121.450604,31.1892121861,121.446367302,31.1872925697
4695,15:15:19,121.448664701,31.1889527273,121.450604,31.1892121861,121.446367302,31.1872925697
4696,15:15:19,121.448664701,31.1889527273,121.450604,31.1892121861,121.446367302,31.1872925697
4697,15:15:20,121.448664701,31.1889527273,121.450604,31.1892121861,121.446367302,31.1872925697
4698,15:15:20,121.448664701,31.1889527273,121.450604,31.1892121861,121.446367302,31.1872925697
4699,15:15:21,121.448664701,31.1889527273,121.450604,31.1892121861,121.446367302,31.1872925697
4700,15:15:21,121.449916497,31.1888925292,121.450484268,31.1891790659,121.446367302,31.1872925697
4701,15:15:22,121.449916497,31.1888925292,121.450484268,31.1891790659,121.446367302,31.1872925697
4702,15:15:22,121.449916497,31.1888925292,121.450484268,31.1891790659,121.446367302,31.1872925697
4703,15:15:23,121.449916497,31.1888925292,121.450484268,31.1891790659,121.446367302,31.1872925697
4704,15:15:23,121.449916497,31.1888925292,121.450484268,31.1891790659,121.446367302,31.1872925697
4705,15:15:24,121.449916497,31.1888925292,121.450484268,31.1891790659,121.446367302,31.1872925697
4706,15:15:24,121.449916497,31.1888925292,121.450484268,31.1891790659,121.446367302,31.1872925697
4707,15:15:25,121.449916497,31.1888925292,121.450484268,31.1891790659,121.446367302,31.1872925697
4708,15:15:25,121.449916497,31.1888925292,121.450484268,31.1891790659,121.446367302,31.1872925697
4709,15:15:26,121.449916497,31.1888925292,121.450484268,31.1891790659,121.446367302,31.1872925697
4710,15:15:26,121.449916497,31.1888925292,121.450484268,31.1891790659,121.446367302,31.1872925697
4711,15:15:27,121.449916497,31.1888925292,121.450484268,31.1891790659,121.446367302,31.1872925697
4712,15:15:27,121.449916497,31.1888925292,121.450484268,31.1891790659,121.446367302,31.1872925697
4713,15:15:28,121.449916497,31.1888925292,121.450484268,31.1891790659,121.446367302,31.1872925697
4714,15:15:28,121.449916497,31.1888925292,121.450484268,31.1891790659,121.446367302,31.1872925697
4715,15:15:29,121.449916497,31.1888925292,121.450484268,31.1891790659,121.446367302,31.1872925697
4716,15:15:29,121.449916497,31.1888925292,121.450484268,31.1891790659,121.446367302,31.1872925697
4717,15:15:30,121.449916497,31.1888925292,121.450484268,31.1891790659,121.446367302,31.1872925697
4718,15:15:30,121.449916497,31.1888925292,121.450484268,31.1891790659,121.446367302,31.1872925697
4719,15:15:30,121.449916497,31.1888925292,121.450484268,31.1891790659,121.446367302,31.1872925697
4720,15:15:31,121.448879466,31.1886024635,121.450377805,31.1891425786,121.446367302,31.1872925697
4721,15:15:31,121.448879466,31.1886024635,121.450377805,31.1891425786,121.446367302,31.1872925697
4722,15:15:32,121.448879466,31.1886024635,121.450377805,31.1891425786,121.446367302,31.1872925697
4723,15:15:32,121.448879466,31.1886024635,121.450377805,31.1891425786,121.446367302,31.1872925697
4724,15:15:33,121.448879466,31.1886024635,121.450377805,31.1891425786,121.446367302,31.1872925697
4725,15:15:33,121.448879466,31.1886024635,121.450377805,31.1891425786,121.446367302,31.1872925697
4726,15:15:34,121.448879466,31.1886024635,121.450377805,31.1891425786,121.446367302,31.1872925697
4727,15:15:34,121.448879466,31.1886024635,121.450377805,31.1891425786,121.446367302,31.1872925697
4728,15:15:35,121.448879466,31.1886024635,121.450377805,31.1891425786,121.446367302,31.1872925697
4729,15:15:35,121.448879466,31.1886024635,121.450377805,31.1891425786,121.446367302,31.1872925697
4730,15:15:36,121.448879466,31.1886024635,121.450377805,31.1891425786,121.446367302,31.1872925697
4731,15:15:36,121.448879466,31.1886024635,121.450377805,31.1891425786,121.446367302,31.1872925697
4732,15:15:37,121.448879466,31.1886024635,121.450377805,31.1891425786,121.446367302,31.1872925697
4733,15:15:37,121.448879466,31.1886024635,121.450377805,31.1891425786,121.446367302,31.1872925697
4734,15:15:38,121.448879466,31.1886024635,121.450377805,31.1891425786,121.446367302,31.1872925697
4735,15:15:38,121.448879466,31.1886024635,121.450377805,31.1891425786,121.446367302,31.1872925697
4736,15:15:39,121.448879466,31.1886024635,121.450377805,31.1891425786,121.446367302,31.1872925697
4737,15:15:39,121.448879466,31.1886024635,121.450377805,31.1891425786,121.446367302,31.1872925697
4738,15:15:40,121.448879466,31.1886024635,121.450377805,31.1891425786,121.446367302,31.1872925697
4739,15:15:40,121.448879466,31.1886024635,121.450377805,31.1891425786,121.446367302,31.1872925697
4740,15:15:41,121.448749912,31.1887940569,121.450236417,31.1890794831,121.446367302,31.1872925697
4741,15:15:41,121.448749912,31.1887940569,121.450236417,31.1890794831,121.446367302,31.1872925697
4742,15:15:41,121.448749912,31.1887940569,121.450236417,31.1890794831,121.446367302,31.1872925697
4743,15:15:42,121.448749912,31.1887940569,121.450236417,31.1890794831,121.446367302,31.1872925697
4744,15:15:42,121.448749912,31.1887940569,121.450236417,31.1890794831,121.446367302,31.1872925697
4745,15:15:43,121.448749912,31.1887940569,121.450236417,31.1890794831,121.446367302,31.1872925697
4746,15:15:43,121.448749912,31.1887940569,121.450236417,31.1890794831,121.446367302,31.1872925697
4747,15:15:44,121.448749912,31.1887940569,121.450236417,31.1890794831,121.446367302,31.1872925697
4748,15:15:44,121.448749912,31.1887940569,121.450236417,31.1890794831,121.446367302,31.1872925697
4749,15:15:45,121.448749912,31.1887940569,121.450236417,31.1890794831,121.446367302,31.1872925697
4750,15:15:45,121.448749912,31.1887940569,121.450236417,31.1890794831,121.446367302,31.1872925697
4751,15:15:46,121.448749912,31.1887940569,121.450236417,31.1890794831,121.446367302,31.1872925697
4752,15:15:46,121.448749912,31.1887940569,121.450236417,31.1890794831,121.446367302,31.1872925697
4753,15:15:47,121.448749912,31.1887940569,121.450236417,31.1890794831,121.446367302,31.1872925697
4754,15:15:47,121.448749912,31.1887940569,121.450236417,31.1890794831,121.446367302,31.1872925697
4755,15:15:48,121.448749912,31.1887940569,121.450236417,31.1890794831,121.446367302,31.1872925697
4756,15:15:48,121.448749912,31.1887940569,121.450236417,31.1890794831,121.446367302,31.1872925697
4757,15:15:49,121.448749912,31.1887940569,121.450236417,31.1890794831,121.446367302,31.1872925697
4758,15:15:49,121.448749912,31.1887940569,121.450236417,31.1890794831,121.446367302,31.1872925697
4759,15:15:50,121.448749912,31.1887940569,121.450236417,31.1890794831,121.446367302,31.1872925697
4760,15:15:50,121.449916497,31.1888925292,121.45009513,31.1890363967,121.446367302,31.1872925697
4761,15:15:51,121.449916497,31.1888925292,121.45009513,31.1890363967,121.446367302,31.1872925697
4762,15:15:51,121.449916497,31.1888925292,121.45009513,31.1890363967,121.446367302,31.1872925697
4763,15:15:52,121.449916497,31.1888925292,121.45009513,31.1890363967,121.446367302,31.1872925697
4764,15:15:52,121.449916497,31.1888925292,121.45009513,31.1890363967,121.446367302,31.1872925697
4765,15:15:53,121.449916497,31.1888925292,121.45009513,31.1890363967,121.446367302,31.1872925697
4766,15:15:53,121.449916497,31.1888925292,121.45009513,31.1890363967,121.446367302,31.1872925697
4767,15:15:54,121.449916497,31.1888925292,121.45009513,31.1890363967,121.446367302,31.1872925697
4768,15:15:54,121.449916497,31.1888925292,121.45009513,31.1890363967,121.446367302,31.1872925697
4769,15:15:54,121.449916497,31.1888925292,121.45009513,31.1890363967,121.446367302,31.1872925697
4770,15:15:55,121.449916497,31.1888925292,121.45009513,31.1890363967,121.446367302,31.1872925697
4771,15:15:55,121.449916497,31.1888925292,121.45009513,31.1890363967,121.446367302,31.1872925697
4772,15:15:56,121.449916497,31.1888925292,121.45009513,31.1890363967,121.446367302,31.1872925697
4773,15:15:56,121.449916497,31.1888925292,121.45009513,31.1890363967,121.446367302,31.1872925697
4774,15:15:57,121.449916497,31.1888925292,121.45009513,31.1890363967,121.446367302,31.1872925697
4775,15:15:57,121.449916497,31.1888925292,121.45009513,31.1890363967,121.446367302,31.1872925697
4776,15:15:58,121.449916497,31.1888925292,121.45009513,31.1890363967,121.446367302,31.1872925697
4777,15:15:58,121.449916497,31.1888925292,121.45009513,31.1890363967,121.446367302,31.1872925697
4778,15:15:59,121.449916497,31.1888925292,121.45009513,31.1890363967,121.446367302,31.1872925697
4779,15:15:59,121.449916497,31.1888925292,121.45009513,31.1890363967,121.446367302,31.1872925697
4780,15:16:00,121.450551836,31.189129864,121.449980382,31.1889865866,121.446367302,31.1872925697
4781,15:16:00,121.450551836,31.189129864,121.449980382,31.1889865866,121.446367302,31.1872925697
4782,15:16:01,121.450551836,31.189129864,121.449980382,31.1889865866,121.446367302,31.1872925697
4783,15:16:01,121.450551836,31.189129864,121.449980382,31.1889865866,121.446367302,31.1872925697
4784,15:16:02,121.450551836,31.189129864,121.449980382,31.1889865866,121.446367302,31.1872925697
4785,15:16:02,121.450551836,31.189129864,121.449980382,31.1889865866,121.446367302,31.1872925697
4786,15:16:03,121.450551836,31.189129864,121.449980382,31.1889865866,121.446367302,31.1872925697
4787,15:16:03,121.450551836,31.189129864,121.449980382,31.1889865866,121.446367302,31.1872925697
4788,15:16:04,121.450551836,31.189129864,121.449980382,31.1889865866,121.446367302,31.1872925697
4789,15:16:04,121.450551836,31.189129864,121.449980382,31.1889865866,121.446367302,31.1872925697
4790,15:16:05,121.450551836,31.189129864,121.449980382,31.1889865866,121.446367302,31.1872925697
4791,15:16:05,121.450551836,31.189129864,121.449980382,31.1889865866,121.446367302,31.1872925697
4792,15:16:05,121.450551836,31.189129864,121.449980382,31.1889865866,121.446367302,31.1872925697
4793,15:16:06,121.450551836,31.189129864,121.449980382,31.1889865866,121.446367302,31.1872925697
4794,15:16:06,121.450551836,31.189129864,121.449980382,31.1889865866,121.446367302,31.1872925697
4795,15:16:07,121.450551836,31.189129864,121.449980382,31.1889865866,121.446367302,31.1872925697
4796,15:16:07,121.450551836,31.189129864,121.449980382,31.1889865866,121.446367302,31.1872925697
4797,15:16:08,121.450551836,31.189129864,121.449980382,31.1889865866,121.446367302,31.1872925697
4798,15:16:08,121.450551836,31.189129864,121.449980382,31.1889865866,121.446367302,31.1872925697
4799,15:16:09,121.450551836,31.189129864,121.449980382,31.1889865866,121.446367302,31.1872925697
4800,15:16:09,121.449916497,31.1888925292,121.449829016,31.1889435075,121.446367302,31.1872925697
4801,15:16:10,121.449916497,31.1888925292,121.449829016,31.1889435075,121.446367302,31.1872925697
4802,15:16:10,121.449916497,31.1888925292,121.449829016,31.1889435075,121.446367302,31.1872925697
4803,15:16:11,121.449916497,31.1888925292,121.449829016,31.1889435075,121.446367302,31.1872925697
4804,15:16:11,121.449916497,31.1888925292,121.449829016,31.1889435075,121.446367302,31.1872925697
4805,15:16:12,121.449916497,31.1888925292,121.449829016,31.1889435075,121.446367302,31.1872925697
4806,15:16:12,121.449916497,31.1888925292,121.449829016,31.1889435075,121.446367302,31.1872925697
4807,15:16:13,121.449916497,31.1888925292,121.449829016,31.1889435075,121.446367302,31.1872925697
4808,15:16:13,121.449916497,31.1888925292,121.449829016,31.1889435075,121.446367302,31.1872925697
4809,15:16:14,121.449916497,31.1888925292,121.449829016,31.1889435075,121.446367302,31.1872925697
4810,15:16:14,121.449916497,31.1888925292,121.449829016,31.1889435075,121.446367302,31.1872925697
4811,15:16:15,121.449916497,31.1888925292,121.449829016,31.1889435075,121.446367302,31.1872925697
4812,15:16:15,121.449916497,31.1888925292,121.449829016,31.1889435075,121.446367302,31.1872925697
4813,15:16:16,121.449916497,31.1888925292,121.449829016,31.1889435075,121.446367302,31.1872925697
4814,15:16:16,121.449916497,31.1888925292,121.449829016,31.1889435075,121.446367302,31.1872925697
4815,15:16:17,121.449916497,31.1888925292,121.449829016,31.1889435075,121.446367302,31.1872925697
4816,15:16:17,121.449916497,31.1888925292,121.449829016,31.1889435075,121.446367302,31.1872925697
4817,15:16:18,121.449916497,31.1888925292,121.449829016,31.1889435075,121.446367302,31.1872925697
4818,15:16:18,121.449916497,31.1888925292,121.449829016,31.1889435075,121.446367302,31.1872925697
4819,15:16:18,121.449916497,31.1888925292,121.449829016,31.1889435075,121.446367302,31.1872925697
4820,15:16:19,121.448879466,31.1886024635,121.449689323,31.1889037475,121.446367302,31.1872925697
4821,15:16:19,121.448879466,31.1886024635,121.449689323,31.1889037475,121.446367302,31.1872925697
4822,15:16:20,121.448879466,31.1886024635,121.449689323,31.1889037475,121.446367302,31.1872925697
4823,15:16:20,121.448879466,31.1886024635,121.449689323,31.1889037475,121.446367302,31.1872925697
4824,15:16:21,121.448879466,31.1886024635,121.449689323,31.1889037475,121.446367302,31.1872925697
4825,15:16:21,121.448879466,31.1886024635,121.449689323,31.1889037475,121.446367302,31.1872925697
4826,15:16:22,121.448879466,31.1886024635,121.449689323,31.1889037475,121.446367302,31.1872925697
4827,15:16:22,121.448879466,31.1886024635,121.449689323,31.1889037475,121.446367302,31.1872925697
4828,15:16:23,121.448879466,31.1886024635,121.449689323,31.1889037475,121.446367302,31.1872925697
4829,15:16:23,121.448879466,31.1886024635,121.449689323,31.1889037475,121.446367302,31.1872925697
4830,15:16:24,121.448879466,31.1886024635,121.449689323,31.1889037475,121.446367302,31.1872925697
4831,15:16:24,121.448879466,31.1886024635,121.449689323,31.1889037475,121.446367302,31.1872925697
4832,15:16:25,121.448879466,31.1886024635,121.449689323,31.1889037475,121.446367302,31.1872925697
4833,15:16:25,121.448879466,31.1886024635,121.449689323,31.1889037475,121.446367302,31.1872925697
4834,15:16:26,121.448879466,31.1886024635,121.449689323,31.1889037475,121.446367302,31.1872925697
4835,15:16:26,121.448879466,31.1886024635,121.449689323,31.1889037475,121.446367302,31.1872925697
4836,15:16:27,121.448879466,31.1886024635,121.449689323,31.1889037475,121.446367302,31.1872925697
4837,15:16:27,121.448879466,31.1886024635,121.449689323,31.1889037475,121.446367302,31.1872925697
4838,15:16:28,121.448879466,31.1886024635,121.449689323,31.1889037475,121.446367302,31.1872925697
4839,15:16:28,121.448879466,31.1886024635,121.449689323,31.1889037475,121.446367302,31.1872925697
4840,15:16:29,121.448879466,31.1886024635,121.449572877,31.1888522779,121.446367302,31.1872925697
4841,15:16:29,121.448879466,31.1886024635,121.449572877,31.1888522779,121.446367302,31.1872925697
4842,15:16:30,121.448879466,31.1886024635,121.449572877,31.1888522779,121.446367302,31.1872925697
4843,15:16:30,121.448879466,31.1886024635,121.449572877,31.1888522779,121.446367302,31.1872925697
4844,15:16:30,121.448879466,31.1886024635,121.449572877,31.1888522779,121.446367302,31.1872925697
4845,15:16:31,121.448879466,31.1886024635,121.449572877,31.1888522779,121.446367302,31.1872925697
4846,15:16:31,121.448879466,31.1886024635,121.449572877,31.1888522779,121.446367302,31.1872925697
4847,15:16:32,121.448879466,31.1886024635,121.449572877,31.1888522779,121.446367302,31.1872925697
4848,15:16:32,121.448879466,31.1886024635,121.449572877,31.1888522779,121.446367302,31.1872925697
4849,15:16:33,121.448879466,31.1886024635,121.449572877,31.1888522779,121.446367302,31.1872925697
4850,15:16:33,121.448879466,31.1886024635,121.449572877,31.1888522779,121.446367302,31.1872925697
4851,15:16:34,121.448879466,31.1886024635,121.449572877,31.1888522779,121.446367302,31.1872925697
4852,15:16:34,121.448879466,31.1886024635,121.449572877,31.1888522779,121.446367302,31.1872925697
4853,15:16:35,121.448879466,31.1886024635,121.449572877,31.1888522779,121.446367302,31.1872925697
4854,15:16:35,121.448879466,31.1886024635,121.449572877,31.1888522779,121.446367302,31.1872925697
4855,15:16:36,121.448879466,31.1886024635,121.449572877,31.1888522779,121.446367302,31.1872925697
4856,15:16:36,121.448879466,31.1886024635,121.449572877,31.1888522779,121.446367302,31.1872925697
4857,15:16:37,121.448879466,31.1886024635,121.449572877,31.1888522779,121.446367302,31.1872925697
4858,15:16:37,121.448879466,31.1886024635,121.449572877,31.1888522779,121.446367302,31.1872925697
4859,15:16:38,121.448879466,31.1886024635,121.449572877,31.1888522779,121.446367302,31.1872925697
4860,15:16:38,121.448879466,31.1886024635,121.449411629,31.1888042122,121.446367302,31.1872925697
4861,15:16:39,121.448879466,31.1886024635,121.449411629,31.1888042122,121.446367302,31.1872925697
4862,15:16:39,121.448879466,31.1886024635,121.449411629,31.1888042122,121.446367302,31.1872925697
4863,15:16:40,121.448879466,31.1886024635,121.449411629,31.1888042122,121.446367302,31.1872925697
4864,15:16:40,121.448879466,31.1886024635,121.449411629,31.1888042122,121.446367302,31.1872925697
4865,15:16:41,121.448879466,31.1886024635,121.449411629,31.1888042122,121.446367302,31.1872925697
4866,15:16:41,121.448879466,31.1886024635,121.449411629,31.1888042122,121.446367302,31.1872925697
4867,15:16:42,121.448879466,31.1886024635,121.449411629,31.1888042122,121.446367302,31.1872925697
4868,15:16:42,121.448879466,31.1886024635,121.449411629,31.1888042122,121.446367302,31.1872925697
4869,15:16:42,121.448879466,31.1886024635,121.449411629,31.1888042122,121.446367302,31.1872925697
4870,15:16:43,121.448879466,31.1886024635,121.449411629,31.1888042122,121.446367302,31.1872925697
4871,15:16:43,121.448879466,31.1886024635,121.449411629,31.1888042122,121.446367302,31.1872925697
4872,15:16:44,121.448879466,31.1886024635,121.449411629,31.1888042122,121.446367302,31.1872925697
4873,15:16:44,121.448879466,31.1886024635,121.449411629,31.1888042122,121.446367302,31.1872925697
4874,15:16:45,121.448879466,31.1886024635,121.449411629,31.1888042122,121.446367302,31.1872925697
4875,15:16:45,121.448879466,31.1886024635,121.449411629,31.1888042122,121.446367302,31.1872925697
4876,15:16:46,121.448879466,31.1886024635,121.449411629,31.1888042122,121.446367302,31.1872925697
4877,15:16:46,121.448879466,31.1886024635,121.449411629,31.1888042122,121.446367302,31.1872925697
4878,15:16:47,121.448879466,31.1886024635,121.449411629,31.1888042122,121.446367302,31.1872925697
4879,15:16:47,121.448879466,31.1886024635,121.449411629,31.1888042122,121.446367302,31.1872925697
4880,15:16:48,121.449916497,31.1888925292,121.449296876,31.1887277259,121.446367302,31.1872925697
4881,15:16:48,121.449916497,31.1888925292,121.449296876,31.1887277259,121.446367302,31.1872925697
4882,15:16:49,121.449916497,31.1888925292,121.449296876,31.1887277259,121.446367302,31.1872925697
4883,15:16:49,121.449916497,31.1888925292,121.449296876,31.1887277259,121.446367302,31.1872925697
4884,15:16:50,121.449916497,31.1888925292,121.449296876,31.1887277259,121.446367302,31.1872925697
4885,15:16:50,121.449916497,31.1888925292,121.449296876,31.1887277259,121.446367302,31.1872925697
4886,15:16:51,121.449916497,31.1888925292,121.449296876,31.1887277259,121.446367302,31.1872925697
4887,15:16:51,121.449916497,31.1888925292,121.449296876,31.1887277259,121.446367302,31.1872925697
4888,15:16:52,121.449916497,31.1888925292,121.449296876,31.1887277259,121.446367302,31.1872925697
4889,15:16:52,121.449916497,31.1888925292,121.449296876,31.1887277259,121.446367302,31.1872925697
4890,15:16:53,121.449916497,31.1888925292,121.449296876,31.1887277259,121.446367302,31.1872925697
4891,15:16:53,121.449916497,31.1888925292,121.449296876,31.1887277259,121.446367302,31.1872925697
4892,15:16:53,121.449916497,31.1888925292,121.449296876,31.1887277259,121.446367302,31.1872925697
4893,15:16:54,121.449916497,31.1888925292,121.449296876,31.1887277259,121.446367302,31.1872925697
4894,15:16:54,121.449916497,31.1888925292,121.449296876,31.1887277259,121.446367302,31.1872925697
4895,15:16:55,121.449916497,31.1888925292,121.449296876,31.1887277259,121.446367302,31.1872925697
4896,15:16:55,121.449916497,31.1888925292,121.449296876,31.1887277259,121.446367302,31.1872925697
4897,15:16:56,121.449916497,31.1888925292,121.449296876,31.1887277259,121.446367302,31.1872925697
4898,15:16:56,121.449916497,31.1888925292,121.449296876,31.1887277259,121.446367302,31.1872925697
4899,15:16:57,121.449916497,31.1888925292,121.449296876,31.1887277259,121.446367302,31.1872925697
4900,15:16:57,121.448879466,31.1886024635,121.449155485,31.1887063052,121.446367302,31.1872925697
4901,15:16:58,121.448879466,31.1886024635,121.449155485,31.1887063052,121.446367302,31.1872925697
4902,15:16:58,121.448879466,31.1886024635,121.449155485,31.1887063052,121.446367302,31.1872925697
4903,15:16:59,121.448879466,31.1886024635,121.449155485,31.1887063052,121.446367302,31.1872925697
4904,15:16:59,121.448879466,31.1886024635,121.449155485,31.1887063052,121.446367302,31.1872925697
4905,15:17:00,121.448879466,31.1886024635,121.449155485,31.1887063052,121.446367302,31.1872925697
4906,15:17:00,121.448879466,31.1886024635,121.449155485,31.1887063052,121.446367302,31.1872925697
4907,15:17:01,121.448879466,31.1886024635,121.449155485,31.1887063052,121.446367302,31.1872925697
4908,15:17:01,121.448879466,31.1886024635,121.449155485,31.1887063052,121.446367302,31.1872925697
4909,15:17:02,121.448879466,31.1886024635,121.449155485,31.1887063052,121.446367302,31.1872925697
4910,15:17:02,121.448879466,31.1886024635,121.449155485,31.1887063052,121.446367302,31.1872925697
4911,15:17:03,121.448879466,31.1886024635,121.449155485,31.1887063052,121.446367302,31.1872925697
4912,15:17:03,121.448879466,31.1886024635,121.449155485,31.1887063052,121.446367302,31.1872925697
4913,15:17:04,121.448879466,31.1886024635,121.449155485,31.1887063052,121.446367302,31.1872925697
4914,15:17:04,121.448879466,31.1886024635,121.449155485,31.1887063052,121.446367302,31.1872925697
4915,15:17:05,121.448879466,31.1886024635,121.449155485,31.1887063052,121.446367302,31.1872925697
4916,15:17:05,121.448879466,31.1886024635,121.449155485,31.1887063052,121.446367302,31.1872925697
4917,15:17:06,121.448879466,31.1886024635,121.449155485,31.1887063052,121.446367302,31.1872925697
4918,15:17:06,121.448879466,31.1886024635,121.449155485,31.1887063052,121.446367302,31.1872925697
4919,15:17:06,121.448879466,31.1886024635,121.449155485,31.1887063052,121.446367302,31.1872925697
4920,15:17:07,121.448879466,31.1886024635,121.44900253,31.1888249744,121.446367302,31.1872925697
4921,15:17:07,121.448879466,31.1886024635,121.44900253,31.1888249744,121.446367302,31.1872925697
4922,15:17:08,121.448879466,31.1886024635,121.44900253,31.1888249744,121.446367302,31.1872925697
4923,15:17:08,121.448879466,31.1886024635,121.44900253,31.1888249744,121.446367302,31.1872925697
4924,15:17:09,121.448879466,31.1886024635,121.44900253,31.1888249744,121.446367302,31.1872925697
4925,15:17:09,121.448879466,31.1886024635,121.44900253,31.1888249744,121.446367302,31.1872925697
4926,15:17:10,121.448879466,31.1886024635,121.44900253,31.1888249744,121.446367302,31.1872925697
4927,15:17:10,121.448879466,31.1886024635,121.44900253,31.1888249744,121.446367302,31.1872925697
4928,15:17:11,121.448879466,31.1886024635,121.44900253,31.1888249744,121.446367302,31.1872925697
4929,15:17:11,121.448879466,31.1886024635,121.44900253,31.1888249744,121.446367302,31.1872925697
4930,15:17:12,121.448879466,31.1886024635,121.44900253,31.1888249744,121.446367302,31.1872925697
4931,15:17:12,121.448879466,31.1886024635,121.44900253,31.1888249744,121.446367302,31.1872925697
4932,15:17:13,121.448879466,31.1886024635,121.44900253,31.1888249744,121.446367302,31.1872925697
4933,15:17:13,121.448879466,31.1886024635,121.44900253,31.1888249744,121.446367302,31.1872925697
4934,15:17:14,121.448879466,31.1886024635,121.44900253,31.1888249744,121.446367302,31.1872925697
4935,15:17:14,121.448879466,31.1886024635,121.44900253,31.1888249744,121.446367302,31.1872925697
4936,15:17:15,121.448879466,31.1886024635,121.44900253,31.1888249744,121.446367302,31.1872925697
4937,15:17:15,121.448879466,31.1886024635,121.44900253,31.1888249744,121.446367302,31.1872925697
4938,15:17:16,121.448879466,31.1886024635,121.44900253,31.1888249744,121.446367302,31.1872925697
4939,15:17:16,121.448879466,31.1886024635,121.44900253,31.1888249744,121.446367302,31.1872925697
4940,15:17:17,121.448664701,31.1889527273,121.448916024,31.1888718258,121.446367302,31.1872925697
4941,15:17:17,121.448664701,31.1889527273,121.448916024,31.1888718258,121.446367302,31.1872925697
4942,15:17:18,121.448664701,31.1889527273,121.448916024,31.1888718258,121.446367302,31.1872925697
4943,15:17:18,121.448664701,31.1889527273,121.448916024,31.1888718258,121.446367302,31.1872925697
4944,15:17:18,121.448664701,31.1889527273,121.448916024,31.1888718258,121.446367302,31.1872925697
4945,15:17:19,121.448664701,31.1889527273,121.448916024,31.1888718258,121.446367302,31.1872925697
4946,15:17:19,121.448664701,31.1889527273,121.448916024,31.1888718258,121.446367302,31.1872925697
4947,15:17:20,121.448664701,31.1889527273,121.448916024,31.1888718258,121.446367302,31.1872925697
4948,15:17:20,121.448664701,31.1889527273,121.448916024,31.1888718258,121.446367302,31.1872925697
4949,15:17:21,121.448664701,31.1889527273,121.448916024,31.1888718258,121.446367302,31.1872925697
4950,15:17:21,121.448664701,31.1889527273,121.448916024,31.1888718258,121.446367302,31.1872925697
4951,15:17:22,121.448664701,31.1889527273,121.448916024,31.1888718258,121.446367302,31.1872925697
4952,15:17:22,121.448664701,31.1889527273,121.448916024,31.1888718258,121.446367302,31.1872925697
4953,15:17:23,121.448664701,31.1889527273,121.448916024,31.1888718258,121.446367302,31.1872925697
4954,15:17:23,121.448664701,31.1889527273,121.448916024,31.1888718258,121.446367302,31.1872925697
4955,15:17:24,121.448664701,31.1889527273,121.448916024,31.1888718258,121.446367302,31.1872925697
4956,15:17:24,121.448664701,31.1889527273,121.448916024,31.1888718258,121.446367302,31.1872925697
4957,15:17:25,121.448664701,31.1889527273,121.448916024,31.1888718258,121.446367302,31.1872925697
4958,15:17:25,121.448664701,31.1889527273,121.448916024,31.1888718258,121.446367302,31.1872925697
4959,15:17:26,121.448664701,31.1889527273,121.448916024,31.1888718258,121.446367302,31.1872925697
4960,15:17:26,121.448664701,31.1889527273,121.448856159,31.1889236308,121.446367302,31.1872925697
4961,15:17:27,121.448664701,31.1889527273,121.448856159,31.1889236308,121.446367302,31.1872925697
4962,15:17:27,121.448664701,31.1889527273,121.448856159,31.1889236308,121.446367302,31.1872925697
4963,15:17:28,121.448664701,31.1889527273,121.448856159,31.1889236308,121.446367302,31.1872925697
4964,15:17:29,121.448664701,31.1889527273,121.448856159,31.1889236308,121.446367302,31.1872925697
4965,15:17:29,121.448664701,31.1889527273,121.448856159,31.1889236308,121.446367302,31.1872925697
4966,15:17:29,121.448664701,31.1889527273,121.448856159,31.1889236308,121.446367302,31.1872925697
4967,15:17:58,121.448664701,31.1889527273,121.448856159,31.1889236308,121.446367302,31.1872925697
4968,15:17:59,121.448664701,31.1889527273,121.448856159,31.1889236308,121.446367302,31.1872925697
4969,15:17:59,121.448664701,31.1889527273,121.448856159,31.1889236308,121.446367302,31.1872925697
4970,15:18:00,121.448664701,31.1889527273,121.448856159,31.1889236308,121.446367302,31.1872925697
4971,15:18:01,121.448664701,31.1889527273,121.448856159,31.1889236308,121.446367302,31.1872925697
4972,15:18:01,121.448664701,31.1889527273,121.448856159,31.1889236308,121.446367302,31.1872925697
4973,15:18:02,121.448664701,31.1889527273,121.448856159,31.1889236308,121.446367302,31.1872925697
4974,15:18:02,121.448664701,31.1889527273,121.448856159,31.1889236308,121.446367302,31.1872925697
4975,15:18:03,121.448664701,31.1889527273,121.448856159,31.1889236308,121.446367302,31.1872925697
4976,15:18:03,121.448664701,31.1889527273,121.448856159,31.1889236308,121.446367302,31.1872925697
4977,15:18:04,121.448664701,31.1889527273,121.448856159,31.1889236308,121.446367302,31.1872925697
4978,15:18:04,121.448664701,31.1889527273,121.448856159,31.1889236308,121.446367302,31.1872925697
4979,15:18:05,121.448664701,31.1889527273,121.448856159,31.1889236308,121.446367302,31.1872925697
4980,15:18:05,121.44833604,31.1895684967,121.448546862,31.1892776987,121.446367302,31.1872925697
4981,15:18:06,121.44833604,31.1895684967,121.448546862,31.1892776987,121.446367302,31.1872925697
4982,15:18:07,121.44833604,31.1895684967,121.448546862,31.1892776987,121.446367302,31.1872925697
4983,15:18:07,121.44833604,31.1895684967,121.448546862,31.1892776987,121.446367302,31.1872925697
4984,15:18:08,121.44833604,31.1895684967,121.448546862,31.1892776987,121.446367302,31.1872925697
4985,15:18:08,121.44833604,31.1895684967,121.448546862,31.1892776987,121.446367302,31.1872925697
4986,15:18:09,121.44833604,31.1895684967,121.448546862,31.1892776987,121.446367302,31.1872925697
4987,15:18:09,121.44833604,31.1895684967,121.448546862,31.1892776987,121.446367302,31.1872925697
4988,15:18:10,121.44833604,31.1895684967,121.448546862,31.1892776987,121.446367302,31.1872925697
4989,15:18:10,121.44833604,31.1895684967,121.448546862,31.1892776987,121.446367302,31.1872925697
4990,15:18:10,121.44833604,31.1895684967,121.448546862,31.1892776987,121.446367302,31.1872925697
4991,15:18:11,121.44833604,31.1895684967,121.448546862,31.1892776987,121.446367302,31.1872925697
4992,15:18:12,121.44833604,31.1895684967,121.448546862,31.1892776987,121.446367302,31.1872925697
4993,15:18:12,121.44833604,31.1895684967,121.448546862,31.1892776987,121.446367302,31.1872925697
4994,15:18:12,121.44833604,31.1895684967,121.448546862,31.1892776987,121.446367302,31.1872925697
4995,15:18:13,121.44833604,31.1895684967,121.448546862,31.1892776987,121.446367302,31.1872925697
4996,15:18:13,121.44833604,31.1895684967,121.448546862,31.1892776987,121.446367302,31.1872925697
4997,15:18:14,121.44833604,31.1895684967,121.448546862,31.1892776987,121.446367302,31.1872925697
4998,15:18:14,121.44833604,31.1895684967,121.448546862,31.1892776987,121.446367302,31.1872925697
4999,15:18:15,121.44833604,31.1895684967,121.448546862,31.1892776987,121.446367302,31.1872925697
5000,15:18:15,121.44833604,31.1895684967,121.448422141,31.1893846475,121.450930544,31.1890351486
5001,15:18:16,121.44833604,31.1895684967,121.448422141,31.1893846475,121.450930544,31.1890351486
5002,15:18:16,121.44833604,31.1895684967,121.448422141,31.1893846475,121.450930544,31.1890351486
5003,15:18:17,121.44833604,31.1895684967,121.448422141,31.1893846475,121.450930544,31.1890351486
5004,15:18:17,121.44833604,31.1895684967,121.448422141,31.1893846475,121.450930544,31.1890351486
5005,15:18:18,121.44833604,31.1895684967,121.448422141,31.1893846475,121.450930544,31.1890351486
5006,15:18:18,121.44833604,31.1895684967,121.448422141,31.1893846475,121.450930544,31.1890351486
5007,15:18:19,121.44833604,31.1895684967,121.448422141,31.1893846475,121.450930544,31.1890351486
5008,15:18:19,121.44833604,31.1895684967,121.448422141,31.1893846475,121.450930544,31.1890351486
5009,15:18:20,121.44833604,31.1895684967,121.448422141,31.1893846475,121.450930544,31.1890351486
5010,15:18:20,121.44833604,31.1895684967,121.448422141,31.1893846475,121.450930544,31.1890351486
5011,15:18:21,121.44833604,31.1895684967,121.448422141,31.1893846475,121.450930544,31.1890351486
5012,15:18:21,121.44833604,31.1895684967,121.448422141,31.1893846475,121.450930544,31.1890351486
5013,15:18:22,121.44833604,31.1895684967,121.448422141,31.1893846475,121.450930544,31.1890351486
5014,15:18:22,121.44833604,31.1895684967,121.448422141,31.1893846475,121.450930544,31.1890351486
5015,15:18:23,121.44833604,31.1895684967,121.448422141,31.1893846475,121.450930544,31.1890351486
5016,15:18:23,121.44833604,31.1895684967,121.448422141,31.1893846475,121.450930544,31.1890351486
5017,15:18:23,121.44833604,31.1895684967,121.448422141,31.1893846475,121.450930544,31.1890351486
5018,15:18:24,121.44833604,31.1895684967,121.448422141,31.1893846475,121.450930544,31.1890351486
5019,15:18:24,121.44833604,31.1895684967,121.448422141,31.1893846475,121.450930544,31.1890351486
5020,15:18:25,121.44833604,31.1895684967,121.44828574,31.1894332477,121.450930544,31.1890351486
5021,15:18:25,121.44833604,31.1895684967,121.44828574,31.1894332477,121.450930544,31.1890351486
5022,15:18:26,121.44833604,31.1895684967,121.44828574,31.1894332477,121.450930544,31.1890351486
5023,15:18:26,121.44833604,31.1895684967,121.44828574,31.1894332477,121.450930544,31.1890351486
5024,15:18:27,121.44833604,31.1895684967,121.44828574,31.1894332477,121.450930544,31.1890351486
5025,15:18:27,121.44833604,31.1895684967,121.44828574,31.1894332477,121.450930544,31.1890351486
5026,15:18:28,121.44833604,31.1895684967,121.44828574,31.1894332477,121.450930544,31.1890351486
5027,15:18:28,121.44833604,31.1895684967,121.44828574,31.1894332477,121.450930544,31.1890351486
5028,15:18:29,121.44833604,31.1895684967,121.44828574,31.1894332477,121.450930544,31.1890351486
5029,15:18:29,121.44833604,31.1895684967,121.44828574,31.1894332477,121.450930544,31.1890351486
5030,15:18:30,121.44833604,31.1895684967,121.44828574,31.1894332477,121.450930544,31.1890351486
5031,15:18:30,121.44833604,31.1895684967,121.44828574,31.1894332477,121.450930544,31.1890351486
5032,15:18:31,121.44833604,31.1895684967,121.44828574,31.1894332477,121.450930544,31.1890351486
5033,15:18:31,121.44833604,31.1895684967,121.44828574,31.1894332477,121.450930544,31.1890351486
5034,15:18:32,121.44833604,31.1895684967,121.44828574,31.1894332477,121.450930544,31.1890351486
5035,15:18:32,121.44833604,31.1895684967,121.44828574,31.1894332477,121.450930544,31.1890351486
5036,15:18:33,121.44833604,31.1895684967,121.44828574,31.1894332477,121.450930544,31.1890351486
5037,15:18:33,121.44833604,31.1895684967,121.44828574,31.1894332477,121.450930544,31.1890351486
5038,15:18:34,121.44833604,31.1895684967,121.44828574,31.1894332477,121.450930544,31.1890351486
5039,15:18:34,121.44833604,31.1895684967,121.44828574,31.1894332477,121.450930544,31.1890351486
5040,15:18:34,121.44833604,31.1895684967,121.448219287,31.1894750581,121.450930544,31.1890351486
5041,15:18:35,121.44833604,31.1895684967,121.448219287,31.1894750581,121.450930544,31.1890351486
5042,15:18:35,121.44833604,31.1895684967,121.448219287,31.1894750581,121.450930544,31.1890351486
5043,15:18:36,121.44833604,31.1895684967,121.448219287,31.1894750581,121.450930544,31.1890351486
5044,15:18:36,121.44833604,31.1895684967,121.448219287,31.1894750581,121.450930544,31.1890351486
5045,15:18:37,121.44833604,31.1895684967,121.448219287,31.1894750581,121.450930544,31.1890351486
5046,15:18:37,121.44833604,31.1895684967,121.448219287,31.1894750581,121.450930544,31.1890351486
5047,15:18:38,121.44833604,31.1895684967,121.448219287,31.1894750581,121.450930544,31.1890351486
5048,15:18:38,121.44833604,31.1895684967,121.448219287,31.1894750581,121.450930544,31.1890351486
5049,15:18:39,121.44833604,31.1895684967,121.448219287,31.1894750581,121.450930544,31.1890351486
5050,15:18:39,121.44833604,31.1895684967,121.448219287,31.1894750581,121.450930544,31.1890351486
5051,15:18:40,121.44833604,31.1895684967,121.448219287,31.1894750581,121.450930544,31.1890351486
5052,15:18:40,121.44833604,31.1895684967,121.448219287,31.1894750581,121.450930544,31.1890351486
5053,15:18:41,121.44833604,31.1895684967,121.448219287,31.1894750581,121.450930544,31.1890351486
5054,15:18:41,121.44833604,31.1895684967,121.448219287,31.1894750581,121.450930544,31.1890351486
5055,15:18:42,121.44833604,31.1895684967,121.448219287,31.1894750581,121.450930544,31.1890351486
5056,15:18:42,121.44833604,31.1895684967,121.448219287,31.1894750581,121.450930544,31.1890351486
5057,15:18:43,121.44833604,31.1895684967,121.448219287,31.1894750581,121.450930544,31.1890351486
5058,15:18:43,121.44833604,31.1895684967,121.448219287,31.1894750581,121.450930544,31.1890351486
5059,15:18:44,121.44833604,31.1895684967,121.448219287,31.1894750581,121.450930544,31.1890351486
5060,15:18:44,121.44833604,31.1895684967,121.448131089,31.1896236202,121.450930544,31.1890351486
5061,15:18:45,121.44833604,31.1895684967,121.448131089,31.1896236202,121.450930544,31.1890351486
5062,15:18:45,121.44833604,31.1895684967,121.448131089,31.1896236202,121.450930544,31.1890351486
5063,15:18:46,121.44833604,31.1895684967,121.448131089,31.1896236202,121.450930544,31.1890351486
5064,15:18:46,121.44833604,31.1895684967,121.448131089,31.1896236202,121.450930544,31.1890351486
5065,15:18:46,121.44833604,31.1895684967,121.448131089,31.1896236202,121.450930544,31.1890351486
5066,15:18:47,121.44833604,31.1895684967,121.448131089,31.1896236202,121.450930544,31.1890351486
5067,15:18:47,121.44833604,31.1895684967,121.448131089,31.1896236202,121.450930544,31.1890351486
5068,15:18:48,121.44833604,31.1895684967,121.448131089,31.1896236202,121.450930544,31.1890351486
5069,15:18:48,121.44833604,31.1895684967,121.448131089,31.1896236202,121.450930544,31.1890351486
5070,15:18:49,121.44833604,31.1895684967,121.448131089,31.1896236202,121.450930544,31.1890351486
5071,15:18:49,121.44833604,31.1895684967,121.448131089,31.1896236202,121.450930544,31.1890351486
5072,15:18:50,121.44833604,31.1895684967,121.448131089,31.1896236202,121.450930544,31.1890351486
5073,15:18:50,121.44833604,31.1895684967,121.448131089,31.1896236202,121.450930544,31.1890351486
5074,15:18:51,121.44833604,31.1895684967,121.448131089,31.1896236202,121.450930544,31.1890351486
5075,15:18:51,121.44833604,31.1895684967,121.448131089,31.1896236202,121.450930544,31.1890351486
5076,15:18:52,121.44833604,31.1895684967,121.448131089,31.1896236202,121.450930544,31.1890351486
5077,15:18:52,121.44833604,31.1895684967,121.448131089,31.1896236202,121.450930544,31.1890351486
5078,15:18:53,121.44833604,31.1895684967,121.448131089,31.1896236202,121.450930544,31.1890351486
5079,15:18:53,121.44833604,31.1895684967,121.448131089,31.1896236202,121.450930544,31.1890351486
5080,15:18:54,121.447772797,31.1906385753,121.448141076,31.1897136469,121.450930544,31.1890351486
5081,15:18:54,121.447772797,31.1906385753,121.448141076,31.1897136469,121.450930544,31.1890351486
5082,15:18:55,121.447772797,31.1906385753,121.448141076,31.1897136469,121.450930544,31.1890351486
5083,15:18:55,121.447772797,31.1906385753,121.448141076,31.1897136469,121.450930544,31.1890351486
5084,15:18:56,121.447772797,31.1906385753,121.448141076,31.1897136469,121.450930544,31.1890351486
5085,15:18:56,121.447772797,31.1906385753,121.448141076,31.1897136469,121.450930544,31.1890351486
5086,15:18:57,121.447772797,31.1906385753,121.448141076,31.1897136469,121.450930544,31.1890351486
5087,15:18:57,121.447772797,31.1906385753,121.448141076,31.1897136469,121.450930544,31.1890351486
5088,15:18:58,121.447772797,31.1906385753,121.448141076,31.1897136469,121.450930544,31.1890351486
5089,15:18:58,121.447772797,31.1906385753,121.448141076,31.1897136469,121.450930544,31.1890351486
5090,15:18:58,121.447772797,31.1906385753,121.448141076,31.1897136469,121.450930544,31.1890351486
5091,15:18:59,121.447772797,31.1906385753,121.448141076,31.1897136469,121.450930544,31.1890351486
5092,15:18:59,121.447772797,31.1906385753,121.448141076,31.1897136469,121.450930544,31.1890351486
5093,15:19:00,121.447772797,31.1906385753,121.448141076,31.1897136469,121.450930544,31.1890351486
5094,15:19:00,121.447772797,31.1906385753,121.448141076,31.1897136469,121.450930544,31.1890351486
5095,15:19:01,121.447772797,31.1906385753,121.448141076,31.1897136469,121.450930544,31.1890351486
5096,15:19:03,121.447772797,31.1906385753,121.448141076,31.1897136469,121.450930544,31.1890351486
5097,15:19:03,121.447772797,31.1906385753,121.448141076,31.1897136469,121.450930544,31.1890351486
5098,15:19:03,121.447772797,31.1906385753,121.448141076,31.1897136469,121.450930544,31.1890351486
5099,15:19:04,121.447772797,31.1906385753,121.448141076,31.1897136469,121.450930544,31.1890351486
5100,15:19:04,121.448235337,31.1897568988,121.448084611,31.1898721567,121.448882284,31.1910289554
5101,15:19:05,121.448235337,31.1897568988,121.448084611,31.1898721567,121.448882284,31.1910289554
5102,15:19:05,121.448235337,31.1897568988,121.448084611,31.1898721567,121.448882284,31.1910289554
5103,15:19:06,121.448235337,31.1897568988,121.448084611,31.1898721567,121.448882284,31.1910289554
5104,15:19:06,121.448235337,31.1897568988,121.448084611,31.1898721567,121.448882284,31.1910289554
5105,15:19:07,121.448235337,31.1897568988,121.448084611,31.1898721567,121.448882284,31.1910289554
5106,15:19:07,121.448235337,31.1897568988,121.448084611,31.1898721567,121.448882284,31.1910289554
5107,15:19:08,121.448235337,31.1897568988,121.448084611,31.1898721567,121.448882284,31.1910289554
5108,15:19:08,121.448235337,31.1897568988,121.448084611,31.1898721567,121.448882284,31.1910289554
5109,15:19:09,121.448235337,31.1897568988,121.448084611,31.1898721567,121.448882284,31.1910289554
5110,15:19:09,121.448235337,31.1897568988,121.448084611,31.1898721567,121.448882284,31.1910289554
5111,15:19:10,121.448235337,31.1897568988,121.448084611,31.1898721567,121.448882284,31.1910289554
5112,15:19:10,121.448235337,31.1897568988,121.448084611,31.1898721567,121.448882284,31.1910289554
5113,15:19:11,121.448235337,31.1897568988,121.448084611,31.1898721567,121.448882284,31.1910289554
5114,15:19:11,121.448235337,31.1897568988,121.448084611,31.1898721567,121.448882284,31.1910289554
5115,15:19:12,121.448235337,31.1897568988,121.448084611,31.1898721567,121.448882284,31.1910289554
5116,15:19:12,121.448235337,31.1897568988,121.448084611,31.1898721567,121.448882284,31.1910289554
5117,15:19:13,121.448235337,31.1897568988,121.448084611,31.1898721567,121.448882284,31.1910289554
5118,15:19:13,121.448235337,31.1897568988,121.448084611,31.1898721567,121.448882284,31.1910289554
5119,15:19:14,121.448235337,31.1897568988,121.448084611,31.1898721567,121.448882284,31.1910289554
5120,15:19:14,121.44833604,31.1895684967,121.448109561,31.1899238075,121.448882284,31.1910289554
5121,15:19:15,121.44833604,31.1895684967,121.448109561,31.1899238075,121.448882284,31.1910289554
5122,15:19:15,121.44833604,31.1895684967,121.448109561,31.1899238075,121.448882284,31.1910289554
5123,15:19:15,121.44833604,31.1895684967,121.448109561,31.1899238075,121.448882284,31.1910289554
5124,15:19:16,121.44833604,31.1895684967,121.448109561,31.1899238075,121.448882284,31.1910289554
5125,15:19:16,121.44833604,31.1895684967,121.448109561,31.1899238075,121.448882284,31.1910289554
5126,15:19:17,121.44833604,31.1895684967,121.448109561,31.1899238075,121.448882284,31.1910289554
5127,15:19:17,121.44833604,31.1895684967,121.448109561,31.1899238075,121.448882284,31.1910289554
5128,15:19:18,121.44833604,31.1895684967,121.448109561,31.1899238075,121.448882284,31.1910289554
5129,15:19:18,121.44833604,31.1895684967,121.448109561,31.1899238075,121.448882284,31.1910289554
5130,15:19:19,121.44833604,31.1895684967,121.448109561,31.1899238075,121.448882284,31.1910289554
5131,15:19:19,121.44833604,31.1895684967,121.448109561,31.1899238075,121.448882284,31.1910289554
5132,15:19:20,121.44833604,31.1895684967,121.448109561,31.1899238075,121.448882284,31.1910289554
5133,15:19:20,121.44833604,31.1895684967,121.448109561,31.1899238075,121.448882284,31.1910289554
5134,15:19:21,121.44833604,31.1895684967,121.448109561,31.1899238075,121.448882284,31.1910289554
5135,15:19:21,121.44833604,31.1895684967,121.448109561,31.1899238075,121.448882284,31.1910289554
5136,15:19:22,121.44833604,31.1895684967,121.448109561,31.1899238075,121.448882284,31.1910289554
5137,15:19:22,121.44833604,31.1895684967,121.448109561,31.1899238075,121.448882284,31.1910289554
5138,15:19:23,121.44833604,31.1895684967,121.448109561,31.1899238075,121.448882284,31.1910289554
5139,15:19:23,121.44833604,31.1895684967,121.448109561,31.1899238075,121.448882284,31.1910289554
5140,15:19:24,121.447772797,31.1906385753,121.44807624,31.1900055778,121.448882284,31.1910289554
5141,15:19:24,121.447772797,31.1906385753,121.44807624,31.1900055778,121.448882284,31.1910289554
5142,15:19:25,121.447772797,31.1906385753,121.44807624,31.1900055778,121.448882284,31.1910289554
5143,15:19:25,121.447772797,31.1906385753,121.44807624,31.1900055778,121.448882284,31.1910289554
5144,15:19:26,121.447772797,31.1906385753,121.44807624,31.1900055778,121.448882284,31.1910289554
5145,15:19:26,121.447772797,31.1906385753,121.44807624,31.1900055778,121.448882284,31.1910289554
5146,15:19:27,121.447772797,31.1906385753,121.44807624,31.1900055778,121.448882284,31.1910289554
5147,15:19:27,121.447772797,31.1906385753,121.44807624,31.1900055778,121.448882284,31.1910289554
5148,15:19:27,121.447772797,31.1906385753,121.44807624,31.1900055778,121.448882284,31.1910289554
5149,15:19:28,121.447772797,31.1906385753,121.44807624,31.1900055778,121.448882284,31.1910289554
5150,15:19:28,121.447772797,31.1906385753,121.44807624,31.1900055778,121.448882284,31.1910289554
5151,15:19:29,121.447772797,31.1906385753,121.44807624,31.1900055778,121.448882284,31.1910289554
5152,15:19:29,121.447772797,31.1906385753,121.44807624,31.1900055778,121.448882284,31.1910289554
5153,15:19:30,121.447772797,31.1906385753,121.44807624,31.1900055778,121.448882284,31.1910289554
5154,15:19:30,121.447772797,31.1906385753,121.44807624,31.1900055778,121.448882284,31.1910289554
5155,15:19:31,121.447772797,31.1906385753,121.44807624,31.1900055778,121.448882284,31.1910289554
5156,15:19:31,121.447772797,31.1906385753,121.44807624,31.1900055778,121.448882284,31.1910289554
5157,15:19:32,121.447772797,31.1906385753,121.44807624,31.1900055778,121.448882284,31.1910289554
5158,15:19:32,121.447772797,31.1906385753,121.44807624,31.1900055778,121.448882284,31.1910289554
5159,15:19:33,121.447772797,31.1906385753,121.44807624,31.1900055778,121.448882284,31.1910289554
5160,15:19:33,121.447772797,31.1906385753,121.447964894,31.1901858665,121.448882284,31.1910289554
5161,15:19:34,121.447772797,31.1906385753,121.447964894,31.1901858665,121.448882284,31.1910289554
5162,15:19:34,121.447772797,31.1906385753,121.447964894,31.1901858665,121.448882284,31.1910289554
5163,15:19:35,121.447772797,31.1906385753,121.447964894,31.1901858665,121.448882284,31.1910289554
5164,15:19:35,121.447772797,31.1906385753,121.447964894,31.1901858665,121.448882284,31.1910289554
5165,15:19:36,121.447772797,31.1906385753,121.447964894,31.1901858665,121.448882284,31.1910289554
5166,15:19:36,121.447772797,31.1906385753,121.447964894,31.1901858665,121.448882284,31.1910289554
5167,15:19:37,121.447772797,31.1906385753,121.447964894,31.1901858665,121.448882284,31.1910289554
5168,15:19:37,121.447772797,31.1906385753,121.447964894,31.1901858665,121.448882284,31.1910289554
5169,15:19:38,121.447772797,31.1906385753,121.447964894,31.1901858665,121.448882284,31.1910289554
5170,15:19:38,121.447772797,31.1906385753,121.447964894,31.1901858665,121.448882284,31.1910289554
5171,15:19:39,121.447772797,31.1906385753,121.447964894,31.1901858665,121.448882284,31.1910289554
5172,15:19:39,121.447772797,31.1906385753,121.447964894,31.1901858665,121.448882284,31.1910289554
5173,15:19:40,121.447772797,31.1906385753,121.447964894,31.1901858665,121.448882284,31.1910289554
5174,15:19:40,121.447772797,31.1906385753,121.447964894,31.1901858665,121.448882284,31.1910289554
5175,15:19:40,121.447772797,31.1906385753,121.447964894,31.1901858665,121.448882284,31.1910289554
5176,15:19:41,121.447772797,31.1906385753,121.447964894,31.1901858665,121.448882284,31.1910289554
5177,15:19:41,121.447772797,31.1906385753,121.447964894,31.1901858665,121.448882284,31.1910289554
5178,15:19:42,121.447772797,31.1906385753,121.447964894,31.1901858665,121.448882284,31.1910289554
5179,15:19:42,121.447772797,31.1906385753,121.447964894,31.1901858665,121.448882284,31.1910289554
5180,15:19:43,121.447772797,31.1906385753,121.44799644,31.1903442184,121.448882284,31.1910289554
5181,15:19:43,121.447772797,31.1906385753,121.44799644,31.1903442184,121.448882284,31.1910289554
5182,15:19:44,121.447772797,31.1906385753,121.44799644,31.1903442184,121.448882284,31.1910289554
5183,15:19:44,121.447772797,31.1906385753,121.44799644,31.1903442184,121.448882284,31.1910289554
5184,15:19:45,121.447772797,31.1906385753,121.44799644,31.1903442184,121.448882284,31.1910289554
5185,15:19:45,121.447772797,31.1906385753,121.44799644,31.1903442184,121.448882284,31.1910289554
5186,15:19:46,121.447772797,31.1906385753,121.44799644,31.1903442184,121.448882284,31.1910289554
5187,15:19:46,121.447772797,31.1906385753,121.44799644,31.1903442184,121.448882284,31.1910289554
5188,15:19:47,121.447772797,31.1906385753,121.44799644,31.1903442184,121.448882284,31.1910289554
5189,15:19:47,121.447772797,31.1906385753,121.44799644,31.1903442184,121.448882284,31.1910289554
5190,15:19:48,121.447772797,31.1906385753,121.44799644,31.1903442184,121.448882284,31.1910289554
5191,15:19:48,121.447772797,31.1906385753,121.44799644,31.1903442184,121.448882284,31.1910289554
5192,15:19:49,121.447772797,31.1906385753,121.44799644,31.1903442184,121.448882284,31.1910289554
5193,15:19:49,121.447772797,31.1906385753,121.44799644,31.1903442184,121.448882284,31.1910289554
5194,15:19:50,121.447772797,31.1906385753,121.44799644,31.1903442184,121.448882284,31.1910289554
5195,15:19:50,121.447772797,31.1906385753,121.44799644,31.1903442184,121.448882284,31.1910289554
5196,15:19:51,121.447772797,31.1906385753,121.44799644,31.1903442184,121.448882284,31.1910289554
5197,15:19:51,121.447772797,31.1906385753,121.44799644,31.1903442184,121.448882284,31.1910289554
5198,15:19:51,121.447772797,31.1906385753,121.44799644,31.1903442184,121.448882284,31.1910289554
5199,15:19:52,121.447772797,31.1906385753,121.44799644,31.1903442184,121.448882284,31.1910289554
5200,15:19:52,121.447772797,31.1906385753,121.447993153,31.1904125881,121.448882284,31.1910289554
5201,15:19:53,121.447772797,31.1906385753,121.447993153,31.1904125881,121.448882284,31.1910289554
5202,15:19:53,121.447772797,31.1906385753,121.447993153,31.1904125881,121.448882284,31.1910289554
5203,15:19:54,121.447772797,31.1906385753,121.447993153,31.1904125881,121.448882284,31.1910289554
5204,15:19:54,121.447772797,31.1906385753,121.447993153,31.1904125881,121.448882284,31.1910289554
5205,15:19:55,121.447772797,31.1906385753,121.447993153,31.1904125881,121.448882284,31.1910289554
5206,15:19:56,121.447772797,31.1906385753,121.447993153,31.1904125881,121.448882284,31.1910289554
5207,15:19:56,121.447772797,31.1906385753,121.447993153,31.1904125881,121.448882284,31.1910289554
5208,15:19:57,121.447772797,31.1906385753,121.447993153,31.1904125881,121.448882284,31.1910289554
5209,15:19:57,121.447772797,31.1906385753,121.447993153,31.1904125881,121.448882284,31.1910289554
5210,15:19:58,121.447772797,31.1906385753,121.447993153,31.1904125881,121.448882284,31.1910289554
5211,15:19:58,121.447772797,31.1906385753,121.447993153,31.1904125881,121.448882284,31.1910289554
5212,15:19:59,121.447772797,31.1906385753,121.447993153,31.1904125881,121.448882284,31.1910289554
5213,15:19:59,121.447772797,31.1906385753,121.447993153,31.1904125881,121.448882284,31.1910289554
5214,15:20:00,121.447772797,31.1906385753,121.447993153,31.1904125881,121.448882284,31.1910289554
5215,15:20:00,121.447772797,31.1906385753,121.447993153,31.1904125881,121.448882284,31.1910289554
5216,15:20:01,121.447772797,31.1906385753,121.447993153,31.1904125881,121.448882284,31.1910289554
5217,15:20:01,121.447772797,31.1906385753,121.447993153,31.1904125881,121.448882284,31.1910289554
5218,15:20:02,121.447772797,31.1906385753,121.447993153,31.1904125881,121.448882284,31.1910289554
5219,15:20:02,121.447772797,31.1906385753,121.447993153,31.1904125881,121.448882284,31.1910289554
5220,15:20:03,121.447772797,31.1906385753,121.447944961,31.1904593675,121.447718851,31.1916973827
5221,15:20:03,121.447772797,31.1906385753,121.447944961,31.1904593675,121.447718851,31.1916973827
5222,15:20:04,121.447772797,31.1906385753,121.447944961,31.1904593675,121.447718851,31.1916973827
5223,15:20:04,121.447772797,31.1906385753,121.447944961,31.1904593675,121.447718851,31.1916973827
5224,15:20:05,121.447772797,31.1906385753,121.447944961,31.1904593675,121.447718851,31.1916973827
5225,15:20:06,121.447772797,31.1906385753,121.447944961,31.1904593675,121.447718851,31.1916973827
5226,15:20:06,121.447772797,31.1906385753,121.447944961,31.1904593675,121.447718851,31.1916973827
5227,15:20:07,121.447772797,31.1906385753,121.447944961,31.1904593675,121.447718851,31.1916973827
5228,15:20:07,121.447772797,31.1906385753,121.447944961,31.1904593675,121.447718851,31.1916973827
5229,15:20:07,121.447772797,31.1906385753,121.447944961,31.1904593675,121.447718851,31.1916973827
5230,15:20:08,121.447772797,31.1906385753,121.447944961,31.1904593675,121.447718851,31.1916973827
5231,15:20:08,121.447772797,31.1906385753,121.447944961,31.1904593675,121.447718851,31.1916973827
5232,15:20:09,121.447772797,31.1906385753,121.447944961,31.1904593675,121.447718851,31.1916973827
5233,15:20:09,121.447772797,31.1906385753,121.447944961,31.1904593675,121.447718851,31.1916973827
5234,15:20:10,121.447772797,31.1906385753,121.447944961,31.1904593675,121.447718851,31.1916973827
5235,15:20:10,121.447772797,31.1906385753,121.447944961,31.1904593675,121.447718851,31.1916973827
5236,15:20:11,121.447772797,31.1906385753,121.447944961,31.1904593675,121.447718851,31.1916973827
5237,15:20:11,121.447772797,31.1906385753,121.447944961,31.1904593675,121.447718851,31.1916973827
5238,15:20:12,121.447772797,31.1906385753,121.447944961,31.1904593675,121.447718851,31.1916973827
5239,15:20:12,121.447772797,31.1906385753,121.447944961,31.1904593675,121.447718851,31.1916973827
5240,15:20:13,121.44756113,31.1910540595,121.447860145,31.1904962073,121.447718851,31.1916973827
5241,15:20:13,121.44756113,31.1910540595,121.447860145,31.1904962073,121.447718851,31.1916973827
5242,15:20:14,121.44756113,31.1910540595,121.447860145,31.1904962073,121.447718851,31.1916973827
5243,15:20:14,121.44756113,31.1910540595,121.447860145,31.1904962073,121.447718851,31.1916973827
5244,15:20:15,121.44756113,31.1910540595,121.447860145,31.1904962073,121.447718851,31.1916973827
5245,15:20:15,121.44756113,31.1910540595,121.447860145,31.1904962073,121.447718851,31.1916973827
5246,15:20:16,121.44756113,31.1910540595,121.447860145,31.1904962073,121.447718851,31.1916973827
5247,15:20:16,121.44756113,31.1910540595,121.447860145,31.1904962073,121.447718851,31.1916973827
5248,15:20:17,121.44756113,31.1910540595,121.447860145,31.1904962073,121.447718851,31.1916973827
5249,15:20:17,121.44756113,31.1910540595,121.447860145,31.1904962073,121.447718851,31.1916973827
5250,15:20:18,121.44756113,31.1910540595,121.447860145,31.1904962073,121.447718851,31.1916973827
5251,15:20:18,121.44756113,31.1910540595,121.447860145,31.1904962073,121.447718851,31.1916973827
5252,15:20:19,121.44756113,31.1910540595,121.447860145,31.1904962073,121.447718851,31.1916973827
5253,15:20:19,121.44756113,31.1910540595,121.447860145,31.1904962073,121.447718851,31.1916973827
5254,15:20:19,121.44756113,31.1910540595,121.447860145,31.1904962073,121.447718851,31.1916973827
5255,15:20:20,121.44756113,31.1910540595,121.447860145,31.1904962073,121.447718851,31.1916973827
5256,15:20:20,121.44756113,31.1910540595,121.447860145,31.1904962073,121.447718851,31.1916973827
5257,15:20:21,121.44756113,31.1910540595,121.447860145,31.1904962073,121.447718851,31.1916973827
5258,15:20:21,121.44756113,31.1910540595,121.447860145,31.1904962073,121.447718851,31.1916973827
5259,15:20:22,121.44756113,31.1910540595,121.447860145,31.1904962073,121.447718851,31.1916973827
5260,15:20:22,121.447772797,31.1906385753,121.447735425,31.1906515065,121.447718851,31.1916973827
5261,15:20:23,121.447772797,31.1906385753,121.447735425,31.1906515065,121.447718851,31.1916973827
5262,15:20:23,121.447772797,31.1906385753,121.447735425,31.1906515065,121.447718851,31.1916973827
5263,15:20:24,121.447772797,31.1906385753,121.447735425,31.1906515065,121.447718851,31.1916973827
5264,15:20:24,121.447772797,31.1906385753,121.447735425,31.1906515065,121.447718851,31.1916973827
5265,15:20:25,121.447772797,31.1906385753,121.447735425,31.1906515065,121.447718851,31.1916973827
5266,15:20:25,121.447772797,31.1906385753,121.447735425,31.1906515065,121.447718851,31.1916973827
5267,15:20:26,121.447772797,31.1906385753,121.447735425,31.1906515065,121.447718851,31.1916973827
5268,15:20:26,121.447772797,31.1906385753,121.447735425,31.1906515065,121.447718851,31.1916973827
5269,15:20:27,121.447772797,31.1906385753,121.447735425,31.1906515065,121.447718851,31.1916973827
5270,15:20:27,121.447772797,31.1906385753,121.447735425,31.1906515065,121.447718851,31.1916973827
5271,15:20:28,121.447772797,31.1906385753,121.447735425,31.1906515065,121.447718851,31.1916973827
5272,15:20:28,121.447772797,31.1906385753,121.447735425,31.1906515065,121.447718851,31.1916973827
5273,15:20:29,121.447772797,31.1906385753,121.447735425,31.1906515065,121.447718851,31.1916973827
5274,15:20:29,121.447772797,31.1906385753,121.447735425,31.1906515065,121.447718851,31.1916973827
5275,15:20:30,121.447772797,31.1906385753,121.447735425,31.1906515065,121.447718851,31.1916973827
5276,15:20:30,121.447772797,31.1906385753,121.447735425,31.1906515065,121.447718851,31.1916973827
5277,15:20:31,121.447772797,31.1906385753,121.447735425,31.1906515065,121.447718851,31.1916973827
5278,15:20:31,121.447772797,31.1906385753,121.447735425,31.1906515065,121.447718851,31.1916973827
5279,15:20:32,121.447772797,31.1906385753,121.447735425,31.1906515065,121.447718851,31.1916973827
5280,15:20:32,121.447772797,31.1906385753,121.447728748,31.1907548995,121.447718851,31.1916973827
5281,15:20:32,121.447772797,31.1906385753,121.447728748,31.1907548995,121.447718851,31.1916973827
5282,15:20:33,121.447772797,31.1906385753,121.447728748,31.1907548995,121.447718851,31.1916973827
5283,15:20:33,121.447772797,31.1906385753,121.447728748,31.1907548995,121.447718851,31.1916973827
5284,15:20:34,121.447772797,31.1906385753,121.447728748,31.1907548995,121.447718851,31.1916973827
5285,15:20:34,121.447772797,31.1906385753,121.447728748,31.1907548995,121.447718851,31.1916973827
5286,15:20:35,121.447772797,31.1906385753,121.447728748,31.1907548995,121.447718851,31.1916973827
5287,15:20:35,121.447772797,31.1906385753,121.447728748,31.1907548995,121.447718851,31.1916973827
5288,15:20:36,121.447772797,31.1906385753,121.447728748,31.1907548995,121.447718851,31.1916973827
5289,15:20:36,121.447772797,31.1906385753,121.447728748,31.1907548995,121.447718851,31.1916973827
5290,15:20:37,121.447772797,31.1906385753,121.447728748,31.1907548995,121.447718851,31.1916973827
5291,15:20:37,121.447772797,31.1906385753,121.447728748,31.1907548995,121.447718851,31.1916973827
5292,15:20:38,121.447772797,31.1906385753,121.447728748,31.1907548995,121.447718851,31.1916973827
5293,15:20:38,121.447772797,31.1906385753,121.447728748,31.1907548995,121.447718851,31.1916973827
5294,15:20:39,121.447772797,31.1906385753,121.447728748,31.1907548995,121.447718851,31.1916973827
5295,15:20:39,121.447772797,31.1906385753,121.447728748,31.1907548995,121.447718851,31.1916973827
5296,15:20:40,121.447772797,31.1906385753,121.447728748,31.1907548995,121.447718851,31.1916973827
5297,15:20:40,121.447772797,31.1906385753,121.447728748,31.1907548995,121.447718851,31.1916973827
5298,15:20:41,121.447772797,31.1906385753,121.447728748,31.1907548995,121.447718851,31.1916973827
5299,15:20:41,121.447772797,31.1906385753,121.447728748,31.1907548995,121.447718851,31.1916973827
5300,15:20:42,121.447772797,31.1906385753,121.447668884,31.1908583871,121.447718851,31.1916973827
5301,15:20:42,121.447772797,31.1906385753,121.447668884,31.1908583871,121.447718851,31.1916973827
5302,15:20:43,121.447772797,31.1906385753,121.447668884,31.1908583871,121.447718851,31.1916973827
5303,15:20:43,121.447772797,31.1906385753,121.447668884,31.1908583871,121.447718851,31.1916973827
5304,15:20:44,121.447772797,31.1906385753,121.447668884,31.1908583871,121.447718851,31.1916973827
5305,15:20:44,121.447772797,31.1906385753,121.447668884,31.1908583871,121.447718851,31.1916973827
5306,15:20:44,121.447772797,31.1906385753,121.447668884,31.1908583871,121.447718851,31.1916973827
5307,15:20:45,121.447772797,31.1906385753,121.447668884,31.1908583871,121.447718851,31.1916973827
5308,15:20:45,121.447772797,31.1906385753,121.447668884,31.1908583871,121.447718851,31.1916973827
5309,15:20:46,121.447772797,31.1906385753,121.447668884,31.1908583871,121.447718851,31.1916973827
5310,15:20:46,121.447772797,31.1906385753,121.447668884,31.1908583871,121.447718851,31.1916973827
5311,15:20:47,121.447772797,31.1906385753,121.447668884,31.1908583871,121.447718851,31.1916973827
5312,15:20:47,121.447772797,31.1906385753,121.447668884,31.1908583871,121.447718851,31.1916973827
5313,15:20:48,121.447772797,31.1906385753,121.447668884,31.1908583871,121.447718851,31.1916973827
5314,15:20:48,121.447772797,31.1906385753,121.447668884,31.1908583871,121.447718851,31.1916973827
5315,15:20:49,121.447772797,31.1906385753,121.447668884,31.1908583871,121.447718851,31.1916973827
5316,15:20:49,121.447772797,31.1906385753,121.447668884,31.1908583871,121.447718851,31.1916973827
5317,15:20:50,121.447772797,31.1906385753,121.447668884,31.1908583871,121.447718851,31.1916973827
5318,15:20:50,121.447772797,31.1906385753,121.447668884,31.1908583871,121.447718851,31.1916973827
5319,15:20:51,121.447772797,31.1906385753,121.447668884,31.1908583871,121.447718851,31.1916973827
5320,15:20:51,121.447772797,31.1906385753,121.447604025,31.1908951906,121.447718851,31.1916973827
5321,15:20:52,121.447772797,31.1906385753,121.447604025,31.1908951906,121.447718851,31.1916973827
5322,15:20:52,121.447772797,31.1906385753,121.447604025,31.1908951906,121.447718851,31.1916973827
5323,15:20:53,121.447772797,31.1906385753,121.447604025,31.1908951906,121.447718851,31.1916973827
5324,15:20:53,121.447772797,31.1906385753,121.447604025,31.1908951906,121.447718851,31.1916973827
5325,15:20:54,121.447772797,31.1906385753,121.447604025,31.1908951906,121.447718851,31.1916973827
5326,15:20:54,121.447772797,31.1906385753,121.447604025,31.1908951906,121.447718851,31.1916973827
5327,15:20:55,121.447772797,31.1906385753,121.447604025,31.1908951906,121.447718851,31.1916973827
5328,15:20:55,121.447772797,31.1906385753,121.447604025,31.1908951906,121.447718851,31.1916973827
5329,15:20:55,121.447772797,31.1906385753,121.447604025,31.1908951906,121.447718851,31.1916973827
5330,15:20:56,121.447772797,31.1906385753,121.447604025,31.1908951906,121.447718851,31.1916973827
5331,15:20:56,121.447772797,31.1906385753,121.447604025,31.1908951906,121.447718851,31.1916973827
5332,15:20:57,121.447772797,31.1906385753,121.447604025,31.1908951906,121.447718851,31.1916973827
5333,15:20:57,121.447772797,31.1906385753,121.447604025,31.1908951906,121.447718851,31.1916973827
5334,15:20:58,121.447772797,31.1906385753,121.447604025,31.1908951906,121.447718851,31.1916973827
5335,15:20:58,121.447772797,31.1906385753,121.447604025,31.1908951906,121.447718851,31.1916973827
5336,15:20:59,121.447772797,31.1906385753,121.447604025,31.1908951906,121.447718851,31.1916973827
5337,15:20:59,121.447772797,31.1906385753,121.447604025,31.1908951906,121.447718851,31.1916973827
5338,15:21:00,121.447772797,31.1906385753,121.447604025,31.1908951906,121.447718851,31.1916973827
5339,15:21:00,121.447772797,31.1906385753,121.447604025,31.1908951906,121.447718851,31.1916973827
5340,15:21:01,121.447772797,31.1906385753,121.447544162,31.1910053512,121.447718851,31.1916973827
5341,15:21:01,121.447772797,31.1906385753,121.447544162,31.1910053512,121.447718851,31.1916973827
5342,15:21:02,121.447772797,31.1906385753,121.447544162,31.1910053512,121.447718851,31.1916973827
5343,15:21:02,121.447772797,31.1906385753,121.447544162,31.1910053512,121.447718851,31.1916973827
5344,15:21:03,121.447772797,31.1906385753,121.447544162,31.1910053512,121.447718851,31.1916973827
5345,15:21:03,121.447772797,31.1906385753,121.447544162,31.1910053512,121.447718851,31.1916973827
5346,15:21:04,121.447772797,31.1906385753,121.447544162,31.1910053512,121.447718851,31.1916973827
5347,15:21:04,121.447772797,31.1906385753,121.447544162,31.1910053512,121.447718851,31.1916973827
5348,15:21:05,121.447772797,31.1906385753,121.447544162,31.1910053512,121.447718851,31.1916973827
5349,15:21:05,121.447772797,31.1906385753,121.447544162,31.1910053512,121.447718851,31.1916973827
5350,15:21:06,121.447772797,31.1906385753,121.447544162,31.1910053512,121.447718851,31.1916973827
5351,15:21:06,121.447772797,31.1906385753,121.447544162,31.1910053512,121.447718851,31.1916973827
5352,15:21:07,121.447772797,31.1906385753,121.447544162,31.1910053512,121.447718851,31.1916973827
5353,15:21:07,121.447772797,31.1906385753,121.447544162,31.1910053512,121.447718851,31.1916973827
5354,15:21:08,121.447772797,31.1906385753,121.447544162,31.1910053512,121.447718851,31.1916973827
5355,15:21:09,121.447772797,31.1906385753,121.447544162,31.1910053512,121.447718851,31.1916973827
5356,15:21:38,121.447772797,31.1906385753,121.447544162,31.1910053512,121.447718851,31.1916973827
5357,15:21:38,121.447772797,31.1906385753,121.447544162,31.1910053512,121.447718851,31.1916973827
5358,15:21:39,121.447772797,31.1906385753,121.447544162,31.1910053512,121.447718851,31.1916973827
5359,15:21:39,121.447772797,31.1906385753,121.447544162,31.1910053512,121.447718851,31.1916973827
5360,15:21:40,121.44739836,31.1913766498,121.447141759,31.1915613361,121.450022927,31.1928977703
5361,15:21:41,121.44739836,31.1913766498,121.447141759,31.1915613361,121.450022927,31.1928977703
5362,15:21:41,121.44739836,31.1913766498,121.447141759,31.1915613361,121.450022927,31.1928977703
5363,15:21:42,121.44739836,31.1913766498,121.447141759,31.1915613361,121.450022927,31.1928977703
5364,15:21:42,121.44739836,31.1913766498,121.447141759,31.1915613361,121.450022927,31.1928977703
5365,15:21:43,121.44739836,31.1913766498,121.447141759,31.1915613361,121.450022927,31.1928977703
5366,15:21:43,121.44739836,31.1913766498,121.447141759,31.1915613361,121.450022927,31.1928977703
5367,15:21:44,121.44739836,31.1913766498,121.447141759,31.1915613361,121.450022927,31.1928977703
5368,15:21:44,121.44739836,31.1913766498,121.447141759,31.1915613361,121.450022927,31.1928977703
5369,15:21:45,121.44739836,31.1913766498,121.447141759,31.1915613361,121.450022927,31.1928977703
5370,15:21:46,121.44739836,31.1913766498,121.447141759,31.1915613361,121.450022927,31.1928977703
5371,15:21:46,121.44739836,31.1913766498,121.447141759,31.1915613361,121.450022927,31.1928977703
5372,15:21:47,121.44739836,31.1913766498,121.447141759,31.1915613361,121.450022927,31.1928977703
5373,15:21:47,121.44739836,31.1913766498,121.447141759,31.1915613361,121.450022927,31.1928977703
5374,15:21:48,121.44739836,31.1913766498,121.447141759,31.1915613361,121.450022927,31.1928977703
5375,15:21:48,121.44739836,31.1913766498,121.447141759,31.1915613361,121.450022927,31.1928977703
5376,15:21:49,121.44739836,31.1913766498,121.447141759,31.1915613361,121.450022927,31.1928977703
5377,15:21:49,121.44739836,31.1913766498,121.447141759,31.1915613361,121.450022927,31.1928977703
5378,15:21:49,121.44739836,31.1913766498,121.447141759,31.1915613361,121.450022927,31.1928977703
5379,15:21:50,121.44739836,31.1913766498,121.447141759,31.1915613361,121.450022927,31.1928977703
5380,15:21:50,121.447041355,31.1917311961,121.447066928,31.1916882001,121.450022927,31.1928977703
5381,15:21:51,121.447041355,31.1917311961,121.447066928,31.1916882001,121.450022927,31.1928977703
5382,15:21:51,121.447041355,31.1917311961,121.447066928,31.1916882001,121.450022927,31.1928977703
5383,15:21:52,121.447041355,31.1917311961,121.447066928,31.1916882001,121.450022927,31.1928977703
